1
0
-600.000000 0.000000 -600.000000
600.000000 400.000000 600.000000
530
0
1
0
1.000000
0
1.000000
0
10000.000000
0
2
4 4
1
0
1.875346
1
../../data/Texture/pung_yellow.DDS
../../data/Shader/EffectShader.hlsl
356.462280 318.424011 593.298096
1.000000 1.000000 1.000000 1.000000
0.000000 0.000000 0.000000
2.000000 2.000000 2.000000
1.000000 1.000000 1.000000
1.000000
-347.709595 287.881104 -126.914276
1.000000 1.000000 1.000000 1.000000
0.000000 0.000000 0.000000
2.000000 2.000000 2.000000
1.000000 1.000000 1.000000
1.000000
-106.698822 328.116699 -454.206970
1.000000 1.000000 1.000000 1.000000
0.000000 0.000000 0.000000
2.000000 2.000000 2.000000
1.000000 1.000000 1.000000
1.000000
-563.084839 200.695816 -393.157745
1.000000 1.000000 1.000000 1.000000
0.000000 0.000000 0.000000
2.000000 2.000000 2.000000
1.000000 1.000000 1.000000
1.000000
41.108459 211.279648 -214.184998
1.000000 1.000000 1.000000 1.000000
0.000000 0.000000 0.000000
2.000000 2.000000 2.000000
1.000000 1.000000 1.000000
1.000000
-580.297241 267.885376 59.163147
1.000000 1.000000 1.000000 1.000000
0.000000 0.000000 0.000000
2.000000 2.000000 2.000000
1.000000 1.000000 1.000000
1.000000
333.902954 250.367752 286.440613
1.000000 1.000000 1.000000 1.000000
0.000000 0.000000 0.000000
2.000000 2.000000 2.000000
1.000000 1.000000 1.000000
1.000000
-389.056061 221.289719 -183.568848
1.000000 1.000000 1.000000 1.000000
0.000000 0.000000 0.000000
2.000000 2.000000 2.000000
1.000000 1.000000 1.000000
1.000000
-400.372314 369.280060 -107.651001
1.000000 1.000000 1.000000 1.000000
0.000000 0.000000 0.000000
2.000000 2.000000 2.000000
1.000000 1.000000 1.000000
1.000000
550.633301 280.275879 -242.530609
1.000000 1.000000 1.000000 1.000000
0.000000 0.000000 0.000000
2.000000 2.000000 2.000000
1.000000 1.000000 1.000000
1.000000
-542.612976 206.164734 331.998657
1.000000 1.000000 1.000000 1.000000
0.000000 0.000000 0.000000
2.000000 2.000000 2.000000
1.000000 1.000000 1.000000
1.000000
79.342041 366.850800 -357.560974
1.000000 1.000000 1.000000 1.000000
0.000000 0.000000 0.000000
2.000000 2.000000 2.000000
1.000000 1.000000 1.000000
1.000000
-355.363617 374.248474 472.920898
1.000000 1.000000 1.000000 1.000000
0.000000 0.000000 0.000000
2.000000 2.000000 2.000000
1.000000 1.000000 1.000000
1.000000
-84.578979 384.295166 76.412292
1.000000 1.000000 1.000000 1.000000
0.000000 0.000000 0.000000
2.000000 2.000000 2.000000
1.000000 1.000000 1.000000
1.000000
561.912964 339.249847 -133.579529
1.000000 1.000000 1.000000 1.000000
0.000000 0.000000 0.000000
2.000000 2.000000 2.000000
1.000000 1.000000 1.000000
1.000000
-347.636353 211.474960 -369.389923
1.000000 1.000000 1.000000 1.000000
0.000000 0.000000 0.000000
2.000000 2.000000 2.000000
1.000000 1.000000 1.000000
1.000000
-81.649231 343.290527 -68.208862
1.000000 1.000000 1.000000 1.000000
0.000000 0.000000 0.000000
2.000000 2.000000 2.000000
1.000000 1.000000 1.000000
1.000000
-235.718872 395.806763 -269.850769
0.000056 0.000056 0.000056 0.000056
0.000000 0.000000 0.000000
2.000000 2.000000 2.000000
1.000000 1.000000 1.000000
1.000000
-56.562988 232.715851 507.345825
1.000000 1.000000 1.000000 1.000000
0.000000 0.000000 0.000000
2.000000 2.000000 2.000000
1.000000 1.000000 1.000000
1.000000
-281.130402 380.901520 121.640686
1.000000 1.000000 1.000000 1.000000
0.000000 0.000000 0.000000
2.000000 2.000000 2.000000
1.000000 1.000000 1.000000
1.000000
-270.876190 307.217621 -47.187683
1.000000 1.000000 1.000000 1.000000
0.000000 0.000000 0.000000
2.000000 2.000000 2.000000
1.000000 1.000000 1.000000
1.000000
70.845642 266.908783 -248.097168
1.000000 1.000000 1.000000 1.000000
0.000000 0.000000 0.000000
2.000000 2.000000 2.000000
1.000000 1.000000 1.000000
1.000000
146.653687 387.713257 570.006348
1.000000 1.000000 1.000000 1.000000
0.000000 0.000000 0.000000
2.000000 2.000000 2.000000
1.000000 1.000000 1.000000
1.000000
-326.761688 374.272888 360.307617
1.000000 1.000000 1.000000 1.000000
0.000000 0.000000 0.000000
2.000000 2.000000 2.000000
1.000000 1.000000 1.000000
1.000000
-0.457764 310.452576 -118.710876
1.000000 1.000000 1.000000 1.000000
0.000000 0.000000 0.000000
2.000000 2.000000 2.000000
1.000000 1.000000 1.000000
1.000000
-429.853210 273.635071 -577.257629
1.000000 1.000000 1.000000 1.000000
0.000000 0.000000 0.000000
2.000000 2.000000 2.000000
1.000000 1.000000 1.000000
1.000000
254.029968 250.428787 50.007629
1.000000 1.000000 1.000000 1.000000
0.000000 0.000000 0.000000
2.000000 2.000000 2.000000
1.000000 1.000000 1.000000
1.000000
-352.690186 355.778687 -161.192688
1.000000 1.000000 1.000000 1.000000
0.000000 0.000000 0.000000
2.000000 2.000000 2.000000
1.000000 1.000000 1.000000
1.000000
-224.915314 284.121216 -531.992554
1.000000 1.000000 1.000000 1.000000
0.000000 0.000000 0.000000
2.000000 2.000000 2.000000
1.000000 1.000000 1.000000
1.000000
321.817688 269.618835 334.525635
1.000000 1.000000 1.000000 1.000000
0.000000 0.000000 0.000000
2.000000 2.000000 2.000000
1.000000 1.000000 1.000000
1.000000
-592.089600 364.836578 193.090576
1.000000 1.000000 1.000000 1.000000
0.000000 0.000000 0.000000
2.000000 2.000000 2.000000
1.000000 1.000000 1.000000
1.000000
-304.092529 225.940735 324.088257
1.000000 1.000000 1.000000 1.000000
0.000000 0.000000 0.000000
2.000000 2.000000 2.000000
1.000000 1.000000 1.000000
1.000000
476.326782 333.524597 -269.997253
1.000000 1.000000 1.000000 1.000000
0.000000 0.000000 0.000000
2.000000 2.000000 2.000000
1.000000 1.000000 1.000000
1.000000
96.517822 386.077454 347.416565
1.000000 1.000000 1.000000 1.000000
0.000000 0.000000 0.000000
2.000000 2.000000 2.000000
1.000000 1.000000 1.000000
1.000000
-267.690033 362.382874 -234.876526
1.000000 1.000000 1.000000 1.000000
0.000000 0.000000 0.000000
2.000000 2.000000 2.000000
1.000000 1.000000 1.000000
1.000000
-15.179932 218.823822 -69.161072
1.000000 1.000000 1.000000 1.000000
0.000000 0.000000 0.000000
2.000000 2.000000 2.000000
1.000000 1.000000 1.000000
1.000000
100.180054 229.700607 239.564209
1.000000 1.000000 1.000000 1.000000
0.000000 0.000000 0.000000
2.000000 2.000000 2.000000
1.000000 1.000000 1.000000
1.000000
-300.320465 207.422104 54.512146
1.000000 1.000000 1.000000 1.000000
0.000000 0.000000 0.000000
2.000000 2.000000 2.000000
1.000000 1.000000 1.000000
1.000000
-503.317352 254.054382 -210.669281
1.000000 1.000000 1.000000 1.000000
0.000000 0.000000 0.000000
2.000000 2.000000 2.000000
1.000000 1.000000 1.000000
1.000000
-241.724884 393.389709 -401.141418
0.000056 0.000056 0.000056 0.000056
0.000000 0.000000 0.000000
2.000000 2.000000 2.000000
1.000000 1.000000 1.000000
1.000000
-209.717102 346.244690 -148.777740
1.000000 1.000000 1.000000 1.000000
0.000000 0.000000 0.000000
2.000000 2.000000 2.000000
1.000000 1.000000 1.000000
1.000000
-596.850464 205.017242 -182.103943
1.000000 1.000000 1.000000 1.000000
0.000000 0.000000 0.000000
2.000000 2.000000 2.000000
1.000000 1.000000 1.000000
1.000000
-438.129822 208.069092 -182.140564
1.000000 1.000000 1.000000 1.000000
0.000000 0.000000 0.000000
2.000000 2.000000 2.000000
1.000000 1.000000 1.000000
1.000000
160.753235 345.744202 166.429626
1.000000 1.000000 1.000000 1.000000
0.000000 0.000000 0.000000
2.000000 2.000000 2.000000
1.000000 1.000000 1.000000
1.000000
-321.158478 294.253357 14.667175
1.000000 1.000000 1.000000 1.000000
0.000000 0.000000 0.000000
2.000000 2.000000 2.000000
1.000000 1.000000 1.000000
1.000000
-87.398926 207.165741 19.464661
1.000000 1.000000 1.000000 1.000000
0.000000 0.000000 0.000000
2.000000 2.000000 2.000000
1.000000 1.000000 1.000000
1.000000
67.915894 390.777283 -559.239502
0.000056 0.000056 0.000056 0.000056
0.000000 0.000000 0.000000
2.000000 2.000000 2.000000
1.000000 1.000000 1.000000
1.000000
598.864746 372.527222 595.165894
1.000000 1.000000 1.000000 1.000000
0.000000 0.000000 0.000000
2.000000 2.000000 2.000000
1.000000 1.000000 1.000000
1.000000
-147.679077 293.887146 326.102478
1.000000 1.000000 1.000000 1.000000
0.000000 0.000000 0.000000
2.000000 2.000000 2.000000
1.000000 1.000000 1.000000
1.000000
-475.228119 229.041412 -443.366821
1.000000 1.000000 1.000000 1.000000
0.000000 0.000000 0.000000
2.000000 2.000000 2.000000
1.000000 1.000000 1.000000
1.000000
257.106262 245.423752 -144.163330
1.000000 1.000000 1.000000 1.000000
0.000000 0.000000 0.000000
2.000000 2.000000 2.000000
1.000000 1.000000 1.000000
1.000000
450.581299 213.000885 135.007813
1.000000 1.000000 1.000000 1.000000
0.000000 0.000000 0.000000
2.000000 2.000000 2.000000
1.000000 1.000000 1.000000
1.000000
-99.703979 292.715240 -592.931885
1.000000 1.000000 1.000000 1.000000
0.000000 0.000000 0.000000
2.000000 2.000000 2.000000
1.000000 1.000000 1.000000
1.000000
4.998901 245.619064 156.102234
1.000000 1.000000 1.000000 1.000000
0.000000 0.000000 0.000000
2.000000 2.000000 2.000000
1.000000 1.000000 1.000000
1.000000
508.774048 229.395432 204.553345
1.000000 1.000000 1.000000 1.000000
0.000000 0.000000 0.000000
2.000000 2.000000 2.000000
1.000000 1.000000 1.000000
1.000000
-94.137390 235.950806 -313.431183
1.000000 1.000000 1.000000 1.000000
0.000000 0.000000 0.000000
2.000000 2.000000 2.000000
1.000000 1.000000 1.000000
1.000000
-521.555237 325.272400 157.091003
1.000000 1.000000 1.000000 1.000000
0.000000 0.000000 0.000000
2.000000 2.000000 2.000000
1.000000 1.000000 1.000000
1.000000
-77.950378 283.547485 297.683655
1.000000 1.000000 1.000000 1.000000
0.000000 0.000000 0.000000
2.000000 2.000000 2.000000
1.000000 1.000000 1.000000
1.000000
-137.644562 395.062103 56.892578
0.000056 0.000056 0.000056 0.000056
0.000000 0.000000 0.000000
2.000000 2.000000 2.000000
1.000000 1.000000 1.000000
1.000000
218.323303 301.504578 -136.399414
1.000000 1.000000 1.000000 1.000000
0.000000 0.000000 0.000000
2.000000 2.000000 2.000000
1.000000 1.000000 1.000000
1.000000
-471.639160 326.212341 -365.031891
1.000000 1.000000 1.000000 1.000000
0.000000 0.000000 0.000000
2.000000 2.000000 2.000000
1.000000 1.000000 1.000000
1.000000
413.006958 207.690659 -420.917358
1.000000 1.000000 1.000000 1.000000
0.000000 0.000000 0.000000
2.000000 2.000000 2.000000
1.000000 1.000000 1.000000
1.000000
-89.779358 241.163361 -415.277588
1.000000 1.000000 1.000000 1.000000
0.000000 0.000000 0.000000
2.000000 2.000000 2.000000
1.000000 1.000000 1.000000
1.000000
257.069641 286.672577 85.128296
1.000000 1.000000 1.000000 1.000000
0.000000 0.000000 0.000000
2.000000 2.000000 2.000000
1.000000 1.000000 1.000000
1.000000
312.002930 284.035767 -472.664551
1.000000 1.000000 1.000000 1.000000
0.000000 0.000000 0.000000
2.000000 2.000000 2.000000
1.000000 1.000000 1.000000
1.000000
-434.467590 321.207306 507.382446
1.000000 1.000000 1.000000 1.000000
0.000000 0.000000 0.000000
2.000000 2.000000 2.000000
1.000000 1.000000 1.000000
1.000000
-45.905945 295.449707 -45.942566
1.000000 1.000000 1.000000 1.000000
0.000000 0.000000 0.000000
2.000000 2.000000 2.000000
1.000000 1.000000 1.000000
1.000000
-462.666687 252.443008 272.157959
1.000000 1.000000 1.000000 1.000000
0.000000 0.000000 0.000000
2.000000 2.000000 2.000000
1.000000 1.000000 1.000000
1.000000
-90.914642 285.073395 -472.371582
1.000000 1.000000 1.000000 1.000000
0.000000 0.000000 0.000000
2.000000 2.000000 2.000000
1.000000 1.000000 1.000000
1.000000
-403.741577 347.245728 59.785767
1.000000 1.000000 1.000000 1.000000
0.000000 0.000000 0.000000
2.000000 2.000000 2.000000
1.000000 1.000000 1.000000
1.000000
-331.302826 221.741394 52.058472
1.000000 1.000000 1.000000 1.000000
0.000000 0.000000 0.000000
2.000000 2.000000 2.000000
1.000000 1.000000 1.000000
1.000000
268.971863 241.053497 10.675415
1.000000 1.000000 1.000000 1.000000
0.000000 0.000000 0.000000
2.000000 2.000000 2.000000
1.000000 1.000000 1.000000
1.000000
-432.782990 211.780151 -273.622833
1.000000 1.000000 1.000000 1.000000
0.000000 0.000000 0.000000
2.000000 2.000000 2.000000
1.000000 1.000000 1.000000
1.000000
-227.698578 233.362839 -112.155518
1.000000 1.000000 1.000000 1.000000
0.000000 0.000000 0.000000
2.000000 2.000000 2.000000
1.000000 1.000000 1.000000
1.000000
-367.302490 398.004089 -51.545776
0.000126 0.000126 0.000126 0.000126
0.000000 0.000000 0.000000
2.000000 2.000000 2.000000
1.000000 1.000000 1.000000
1.000000
-308.084351 239.246796 93.075378
1.000000 1.000000 1.000000 1.000000
0.000000 0.000000 0.000000
2.000000 2.000000 2.000000
1.000000 1.000000 1.000000
1.000000
364.079712 339.799194 202.063049
1.000000 1.000000 1.000000 1.000000
0.000000 0.000000 0.000000
2.000000 2.000000 2.000000
1.000000 1.000000 1.000000
1.000000
-335.038300 358.146912 103.549316
1.000000 1.000000 1.000000 1.000000
0.000000 0.000000 0.000000
2.000000 2.000000 2.000000
1.000000 1.000000 1.000000
1.000000
443.842896 298.648041 -309.073151
1.000000 1.000000 1.000000 1.000000
0.000000 0.000000 0.000000
2.000000 2.000000 2.000000
1.000000 1.000000 1.000000
1.000000
-244.032104 303.482178 319.510437
1.000000 1.000000 1.000000 1.000000
0.000000 0.000000 0.000000
2.000000 2.000000 2.000000
1.000000 1.000000 1.000000
1.000000
241.871399 278.127380 548.069702
1.000000 1.000000 1.000000 1.000000
0.000000 0.000000 0.000000
2.000000 2.000000 2.000000
1.000000 1.000000 1.000000
1.000000
596.703979 210.693680 -407.696777
1.000000 1.000000 1.000000 1.000000
0.000000 0.000000 0.000000
2.000000 2.000000 2.000000
1.000000 1.000000 1.000000
1.000000
-200.378418 388.238159 -151.597626
1.000000 1.000000 1.000000 1.000000
0.000000 0.000000 0.000000
2.000000 2.000000 2.000000
1.000000 1.000000 1.000000
1.000000
348.075867 367.717529 286.660339
1.000000 1.000000 1.000000 1.000000
0.000000 0.000000 0.000000
2.000000 2.000000 2.000000
1.000000 1.000000 1.000000
1.000000
1.776184 339.213226 315.335571
1.000000 1.000000 1.000000 1.000000
0.000000 0.000000 0.000000
2.000000 2.000000 2.000000
1.000000 1.000000 1.000000
1.000000
494.821045 391.229004 183.129333
0.000058 0.000058 0.000058 0.000058
0.000000 0.000000 0.000000
2.000000 2.000000 2.000000
1.000000 1.000000 1.000000
1.000000
137.607971 284.963531 72.933105
1.000000 1.000000 1.000000 1.000000
0.000000 0.000000 0.000000
2.000000 2.000000 2.000000
1.000000 1.000000 1.000000
1.000000
212.024231 374.639099 -128.965118
1.000000 1.000000 1.000000 1.000000
0.000000 0.000000 0.000000
2.000000 2.000000 2.000000
1.000000 1.000000 1.000000
1.000000
388.213806 332.096313 388.213806
1.000000 1.000000 1.000000 1.000000
0.000000 0.000000 0.000000
2.000000 2.000000 2.000000
1.000000 1.000000 1.000000
1.000000
-495.626709 202.014221 -314.090393
1.000000 1.000000 1.000000 1.000000
0.000000 0.000000 0.000000
2.000000 2.000000 2.000000
1.000000 1.000000 1.000000
1.000000
-116.183960 394.915619 200.634827
0.000062 0.000062 0.000062 0.000062
0.000000 0.000000 0.000000
2.000000 2.000000 2.000000
1.000000 1.000000 1.000000
1.000000
179.577026 299.441528 -598.791443
1.000000 1.000000 1.000000 1.000000
0.000000 0.000000 0.000000
2.000000 2.000000 2.000000
1.000000 1.000000 1.000000
1.000000
-144.456299 249.110382 256.703430
1.000000 1.000000 1.000000 1.000000
0.000000 0.000000 0.000000
2.000000 2.000000 2.000000
1.000000 1.000000 1.000000
1.000000
-15.765869 213.916443 -450.068665
1.000000 1.000000 1.000000 1.000000
0.000000 0.000000 0.000000
2.000000 2.000000 2.000000
1.000000 1.000000 1.000000
1.000000
-137.205109 308.194214 125.998718
1.000000 1.000000 1.000000 1.000000
0.000000 0.000000 0.000000
2.000000 2.000000 2.000000
1.000000 1.000000 1.000000
1.000000
-62.166199 345.756409 229.309998
1.000000 1.000000 1.000000 1.000000
0.000000 0.000000 0.000000
2.000000 2.000000 2.000000
1.000000 1.000000 1.000000
1.000000
253.151062 201.171906 -460.908844
1.000000 1.000000 1.000000 1.000000
0.000000 0.000000 0.000000
2.000000 2.000000 2.000000
1.000000 1.000000 1.000000
1.000000
307.205444 318.204285 -369.389923
1.000000 1.000000 1.000000 1.000000
0.000000 0.000000 0.000000
2.000000 2.000000 2.000000
1.000000 1.000000 1.000000
1.000000
515.219604 382.097839 -206.164734
1.000000 1.000000 1.000000 1.000000
0.000000 0.000000 0.000000
2.000000 2.000000 2.000000
1.000000 1.000000 1.000000
1.000000
276.589233 348.551880 -260.658569
1.000000 1.000000 1.000000 1.000000
0.000000 0.000000 0.000000
2.000000 2.000000 2.000000
1.000000 1.000000 1.000000
1.000000
44.990356 392.791534 -524.375122
0.000056 0.000056 0.000056 0.000056
0.000000 0.000000 0.000000
2.000000 2.000000 2.000000
1.000000 1.000000 1.000000
1.000000
-118.527771 209.949036 -456.440918
1.000000 1.000000 1.000000 1.000000
0.000000 0.000000 0.000000
2.000000 2.000000 2.000000
1.000000 1.000000 1.000000
1.000000
-254.249695 286.233093 -256.080841
1.000000 1.000000 1.000000 1.000000
0.000000 0.000000 0.000000
2.000000 2.000000 2.000000
1.000000 1.000000 1.000000
1.000000
325.809509 281.154816 490.096680
1.000000 1.000000 1.000000 1.000000
0.000000 0.000000 0.000000
2.000000 2.000000 2.000000
1.000000 1.000000 1.000000
1.000000
-566.527283 331.192963 421.796326
1.000000 1.000000 1.000000 1.000000
0.000000 0.000000 0.000000
2.000000 2.000000 2.000000
1.000000 1.000000 1.000000
1.000000
374.993164 344.047363 -355.876343
1.000000 1.000000 1.000000 1.000000
0.000000 0.000000 0.000000
2.000000 2.000000 2.000000
1.000000 1.000000 1.000000
1.000000
326.322205 278.176208 -274.135559
1.000000 1.000000 1.000000 1.000000
0.000000 0.000000 0.000000
2.000000 2.000000 2.000000
1.000000 1.000000 1.000000
1.000000
-209.717102 385.845520 210.083313
1.000000 1.000000 1.000000 1.000000
0.000000 0.000000 0.000000
2.000000 2.000000 2.000000
1.000000 1.000000 1.000000
1.000000
304.275635 222.840057 122.263245
1.000000 1.000000 1.000000 1.000000
0.000000 0.000000 0.000000
2.000000 2.000000 2.000000
1.000000 1.000000 1.000000
1.000000
498.117065 353.483704 -329.508331
1.000000 1.000000 1.000000 1.000000
0.000000 0.000000 0.000000
2.000000 2.000000 2.000000
1.000000 1.000000 1.000000
1.000000
-154.893646 268.349243 141.526489
1.000000 1.000000 1.000000 1.000000
0.000000 0.000000 0.000000
2.000000 2.000000 2.000000
1.000000 1.000000 1.000000
1.000000
132.700623 277.370514 -402.972504
1.000000 1.000000 1.000000 1.000000
0.000000 0.000000 0.000000
2.000000 2.000000 2.000000
1.000000 1.000000 1.000000
1.000000
-140.940582 258.815277 -317.349792
1.000000 1.000000 1.000000 1.000000
0.000000 0.000000 0.000000
2.000000 2.000000 2.000000
1.000000 1.000000 1.000000
1.000000
-179.284027 271.559814 -179.540375
1.000000 1.000000 1.000000 1.000000
0.000000 0.000000 0.000000
2.000000 2.000000 2.000000
1.000000 1.000000 1.000000
1.000000
-133.872498 360.039063 201.953186
1.000000 1.000000 1.000000 1.000000
0.000000 0.000000 0.000000
2.000000 2.000000 2.000000
1.000000 1.000000 1.000000
1.000000
-333.133942 213.965271 545.140015
1.000000 1.000000 1.000000 1.000000
0.000000 0.000000 0.000000
2.000000 2.000000 2.000000
1.000000 1.000000 1.000000
1.000000
-410.992737 331.473755 -381.511902
1.000000 1.000000 1.000000 1.000000
0.000000 0.000000 0.000000
2.000000 2.000000 2.000000
1.000000 1.000000 1.000000
1.000000
-7.123047 210.339676 17.413818
1.000000 1.000000 1.000000 1.000000
0.000000 0.000000 0.000000
2.000000 2.000000 2.000000
1.000000 1.000000 1.000000
1.000000
-190.014343 355.546753 316.397583
1.000000 1.000000 1.000000 1.000000
0.000000 0.000000 0.000000
2.000000 2.000000 2.000000
1.000000 1.000000 1.000000
1.000000
-403.375336 245.655701 -471.822266
1.000000 1.000000 1.000000 1.000000
0.000000 0.000000 0.000000
2.000000 2.000000 2.000000
1.000000 1.000000 1.000000
1.000000
234.290588 358.867157 5.438354
1.000000 1.000000 1.000000 1.000000
0.000000 0.000000 0.000000
2.000000 2.000000 2.000000
1.000000 1.000000 1.000000
1.000000
-101.205475 213.110748 236.378052
1.000000 1.000000 1.000000 1.000000
0.000000 0.000000 0.000000
2.000000 2.000000 2.000000
1.000000 1.000000 1.000000
1.000000
-478.560730 295.950195 20.819763
1.000000 1.000000 1.000000 1.000000
0.000000 0.000000 0.000000
2.000000 2.000000 2.000000
1.000000 1.000000 1.000000
1.000000
-349.320953 239.197968 -67.732788
1.000000 1.000000 1.000000 1.000000
0.000000 0.000000 0.000000
2.000000 2.000000 2.000000
1.000000 1.000000 1.000000
1.000000
-475.264740 334.415710 356.938354
1.000000 1.000000 1.000000 1.000000
0.000000 0.000000 0.000000
2.000000 2.000000 2.000000
1.000000 1.000000 1.000000
1.000000
-298.489349 232.154297 -288.052002
1.000000 1.000000 1.000000 1.000000
0.000000 0.000000 0.000000
2.000000 2.000000 2.000000
1.000000 1.000000 1.000000
1.000000
330.240784 280.324707 419.269409
1.000000 1.000000 1.000000 1.000000
0.000000 0.000000 0.000000
2.000000 2.000000 2.000000
1.000000 1.000000 1.000000
1.000000
473.360352 200.854523 -305.557404
1.000000 1.000000 1.000000 1.000000
0.000000 0.000000 0.000000
2.000000 2.000000 2.000000
1.000000 1.000000 1.000000
1.000000
-68.318726 395.391724 -519.541016
0.000056 0.000056 0.000056 0.000056
0.000000 0.000000 0.000000
2.000000 2.000000 2.000000
1.000000 1.000000 1.000000
1.000000
-287.282928 370.928070 -246.925262
1.000000 1.000000 1.000000 1.000000
0.000000 0.000000 0.000000
2.000000 2.000000 2.000000
1.000000 1.000000 1.000000
1.000000
301.382507 335.270233 -172.508911
1.000000 1.000000 1.000000 1.000000
0.000000 0.000000 0.000000
2.000000 2.000000 2.000000
1.000000 1.000000 1.000000
1.000000
-326.541931 308.389526 348.991394
1.000000 1.000000 1.000000 1.000000
0.000000 0.000000 0.000000
2.000000 2.000000 2.000000
1.000000 1.000000 1.000000
1.000000
27.997681 242.030090 -503.207489
1.000000 1.000000 1.000000 1.000000
0.000000 0.000000 0.000000
2.000000 2.000000 2.000000
1.000000 1.000000 1.000000
1.000000
417.145325 262.025818 -435.969116
1.000000 1.000000 1.000000 1.000000
0.000000 0.000000 0.000000
2.000000 2.000000 2.000000
1.000000 1.000000 1.000000
1.000000
-116.843170 321.121857 557.151978
1.000000 1.000000 1.000000 1.000000
0.000000 0.000000 0.000000
2.000000 2.000000 2.000000
1.000000 1.000000 1.000000
1.000000
-488.558624 334.830780 -361.113312
1.000000 1.000000 1.000000 1.000000
0.000000 0.000000 0.000000
2.000000 2.000000 2.000000
1.000000 1.000000 1.000000
1.000000
-123.581635 321.512512 584.948242
1.000000 1.000000 1.000000 1.000000
0.000000 0.000000 0.000000
2.000000 2.000000 2.000000
1.000000 1.000000 1.000000
1.000000
-252.638336 243.751343 -164.122437
1.000000 1.000000 1.000000 1.000000
0.000000 0.000000 0.000000
2.000000 2.000000 2.000000
1.000000 1.000000 1.000000
1.000000
329.251953 289.492493 380.156860
1.000000 1.000000 1.000000 1.000000
0.000000 0.000000 0.000000
2.000000 2.000000 2.000000
1.000000 1.000000 1.000000
1.000000
-574.877136 389.092682 -240.040283
1.000000 1.000000 1.000000 1.000000
0.000000 0.000000 0.000000
2.000000 2.000000 2.000000
1.000000 1.000000 1.000000
1.000000
511.447510 292.947174 298.562561
1.000000 1.000000 1.000000 1.000000
0.000000 0.000000 0.000000
2.000000 2.000000 2.000000
1.000000 1.000000 1.000000
1.000000
-400.115967 304.666290 -32.392334
1.000000 1.000000 1.000000 1.000000
0.000000 0.000000 0.000000
2.000000 2.000000 2.000000
1.000000 1.000000 1.000000
1.000000
463.252686 207.153534 496.798584
1.000000 1.000000 1.000000 1.000000
0.000000 0.000000 0.000000
2.000000 2.000000 2.000000
1.000000 1.000000 1.000000
1.000000
499.179077 343.864258 -520.346680
1.000000 1.000000 1.000000 1.000000
0.000000 0.000000 0.000000
2.000000 2.000000 2.000000
1.000000 1.000000 1.000000
1.000000
-329.508331 351.298553 -536.057617
1.000000 1.000000 1.000000 1.000000
0.000000 0.000000 0.000000
2.000000 2.000000 2.000000
1.000000 1.000000 1.000000
1.000000
-592.931885 324.405640 128.635498
1.000000 1.000000 1.000000 1.000000
0.000000 0.000000 0.000000
2.000000 2.000000 2.000000
1.000000 1.000000 1.000000
1.000000
20.160583 259.633179 -54.145935
1.000000 1.000000 1.000000 1.000000
0.000000 0.000000 0.000000
2.000000 2.000000 2.000000
1.000000 1.000000 1.000000
1.000000
472.591309 243.360703 -174.010406
1.000000 1.000000 1.000000 1.000000
0.000000 0.000000 0.000000
2.000000 2.000000 2.000000
1.000000 1.000000 1.000000
1.000000
207.556396 218.359940 292.483276
1.000000 1.000000 1.000000 1.000000
0.000000 0.000000 0.000000
2.000000 2.000000 2.000000
1.000000 1.000000 1.000000
1.000000
-49.494934 233.289581 -92.342926
1.000000 1.000000 1.000000 1.000000
0.000000 0.000000 0.000000
2.000000 2.000000 2.000000
1.000000 1.000000 1.000000
1.000000
-0.494385 239.490952 -480.648224
1.000000 1.000000 1.000000 1.000000
0.000000 0.000000 0.000000
2.000000 2.000000 2.000000
1.000000 1.000000 1.000000
1.000000
465.999390 225.171661 -289.919708
1.000000 1.000000 1.000000 1.000000
0.000000 0.000000 0.000000
2.000000 2.000000 2.000000
1.000000 1.000000 1.000000
1.000000
-353.642395 384.197510 154.051331
1.000000 1.000000 1.000000 1.000000
0.000000 0.000000 0.000000
2.000000 2.000000 2.000000
1.000000 1.000000 1.000000
1.000000
-327.530762 337.284454 64.033936
1.000000 1.000000 1.000000 1.000000
0.000000 0.000000 0.000000
2.000000 2.000000 2.000000
1.000000 1.000000 1.000000
1.000000
444.502075 311.258270 288.015381
1.000000 1.000000 1.000000 1.000000
0.000000 0.000000 0.000000
2.000000 2.000000 2.000000
1.000000 1.000000 1.000000
1.000000
9.393616 222.083191 -34.955933
1.000000 1.000000 1.000000 1.000000
0.000000 0.000000 0.000000
2.000000 2.000000 2.000000
1.000000 1.000000 1.000000
1.000000
-13.641785 257.130646 -501.046783
1.000000 1.000000 1.000000 1.000000
0.000000 0.000000 0.000000
2.000000 2.000000 2.000000
1.000000 1.000000 1.000000
1.000000
116.147400 350.492859 383.343018
1.000000 1.000000 1.000000 1.000000
0.000000 0.000000 0.000000
2.000000 2.000000 2.000000
1.000000 1.000000 1.000000
1.000000
-309.988708 366.508972 -459.883423
1.000000 1.000000 1.000000 1.000000
0.000000 0.000000 0.000000
2.000000 2.000000 2.000000
1.000000 1.000000 1.000000
1.000000
584.728516 378.862885 -321.671204
1.000000 1.000000 1.000000 1.000000
0.000000 0.000000 0.000000
2.000000 2.000000 2.000000
1.000000 1.000000 1.000000
1.000000
-283.730591 344.511230 -505.368195
1.000000 1.000000 1.000000 1.000000
0.000000 0.000000 0.000000
2.000000 2.000000 2.000000
1.000000 1.000000 1.000000
1.000000
-128.672150 212.854401 -48.982239
1.000000 1.000000 1.000000 1.000000
0.000000 0.000000 0.000000
2.000000 2.000000 2.000000
1.000000 1.000000 1.000000
1.000000
-592.455811 319.290741 586.742676
1.000000 1.000000 1.000000 1.000000
0.000000 0.000000 0.000000
2.000000 2.000000 2.000000
1.000000 1.000000 1.000000
1.000000
-169.396057 269.289215 -12.799438
1.000000 1.000000 1.000000 1.000000
0.000000 0.000000 0.000000
2.000000 2.000000 2.000000
1.000000 1.000000 1.000000
1.000000
-486.617615 254.298523 551.145996
1.000000 1.000000 1.000000 1.000000
0.000000 0.000000 0.000000
2.000000 2.000000 2.000000
1.000000 1.000000 1.000000
1.000000
-567.699219 224.402603 472.811035
1.000000 1.000000 1.000000 1.000000
0.000000 0.000000 0.000000
2.000000 2.000000 2.000000
1.000000 1.000000 1.000000
1.000000
488.302246 321.243927 -550.523376
1.000000 1.000000 1.000000 1.000000
0.000000 0.000000 0.000000
2.000000 2.000000 2.000000
1.000000 1.000000 1.000000
1.000000
217.627502 239.832764 -131.125824
1.000000 1.000000 1.000000 1.000000
0.000000 0.000000 0.000000
2.000000 2.000000 2.000000
1.000000 1.000000 1.000000
1.000000
208.435303 338.956879 -84.286011
1.000000 1.000000 1.000000 1.000000
0.000000 0.000000 0.000000
2.000000 2.000000 2.000000
1.000000 1.000000 1.000000
1.000000
-252.455200 260.426636 -140.171539
1.000000 1.000000 1.000000 1.000000
0.000000 0.000000 0.000000
2.000000 2.000000 2.000000
1.000000 1.000000 1.000000
1.000000
391.692871 396.734528 321.231750
0.000056 0.000056 0.000056 0.000056
0.000000 0.000000 0.000000
2.000000 2.000000 2.000000
1.000000 1.000000 1.000000
1.000000
-585.827209 249.671936 -524.668091
1.000000 1.000000 1.000000 1.000000
0.000000 0.000000 0.000000
2.000000 2.000000 2.000000
1.000000 1.000000 1.000000
1.000000
484.127319 387.566772 341.520447
1.000000 1.000000 1.000000 1.000000
0.000000 0.000000 0.000000
2.000000 2.000000 2.000000
1.000000 1.000000 1.000000
1.000000
500.350952 355.766479 -358.732849
1.000000 1.000000 1.000000 1.000000
0.000000 0.000000 0.000000
2.000000 2.000000 2.000000
1.000000 1.000000 1.000000
1.000000
-405.792419 331.656860 -25.800354
1.000000 1.000000 1.000000 1.000000
0.000000 0.000000 0.000000
2.000000 2.000000 2.000000
1.000000 1.000000 1.000000
1.000000
-566.527283 284.780426 -555.796997
1.000000 1.000000 1.000000 1.000000
0.000000 0.000000 0.000000
2.000000 2.000000 2.000000
1.000000 1.000000 1.000000
1.000000
17.194092 337.394348 397.405945
1.000000 1.000000 1.000000 1.000000
0.000000 0.000000 0.000000
2.000000 2.000000 2.000000
1.000000 1.000000 1.000000
1.000000
-261.244537 214.172791 547.227417
1.000000 1.000000 1.000000 1.000000
0.000000 0.000000 0.000000
2.000000 2.000000 2.000000
1.000000 1.000000 1.000000
1.000000
-415.680420 324.100464 -11.920532
1.000000 1.000000 1.000000 1.000000
0.000000 0.000000 0.000000
2.000000 2.000000 2.000000
1.000000 1.000000 1.000000
1.000000
-178.441711 398.333679 -229.383240
0.000056 0.000056 0.000056 0.000056
0.000000 0.000000 0.000000
2.000000 2.000000 2.000000
1.000000 1.000000 1.000000
1.000000
261.830505 287.649170 494.454834
1.000000 1.000000 1.000000 1.000000
0.000000 0.000000 0.000000
2.000000 2.000000 2.000000
1.000000 1.000000 1.000000
1.000000
-387.151733 217.578659 -33.564270
1.000000 1.000000 1.000000 1.000000
0.000000 0.000000 0.000000
2.000000 2.000000 2.000000
1.000000 1.000000 1.000000
1.000000
-526.462585 270.168152 -287.466034
1.000000 1.000000 1.000000 1.000000
0.000000 0.000000 0.000000
2.000000 2.000000 2.000000
1.000000 1.000000 1.000000
1.000000
104.171875 238.392288 14.813660
1.000000 1.000000 1.000000 1.000000
0.000000 0.000000 0.000000
2.000000 2.000000 2.000000
1.000000 1.000000 1.000000
1.000000
-315.591919 208.337662 -487.496582
1.000000 1.000000 1.000000 1.000000
0.000000 0.000000 0.000000
2.000000 2.000000 2.000000
1.000000 1.000000 1.000000
1.000000
-276.589264 274.465149 -513.058838
1.000000 1.000000 1.000000 1.000000
0.000000 0.000000 0.000000
2.000000 2.000000 2.000000
1.000000 1.000000 1.000000
1.000000
264.101074 387.469116 -129.551086
1.000000 1.000000 1.000000 1.000000
0.000000 0.000000 0.000000
2.000000 2.000000 2.000000
1.000000 1.000000 1.000000
1.000000
417.584778 393.231018 96.114990
0.000056 0.000056 0.000056 0.000056
0.000000 0.000000 0.000000
2.000000 2.000000 2.000000
1.000000 1.000000 1.000000
1.000000
172.106079 278.420349 -44.587524
1.000000 1.000000 1.000000 1.000000
0.000000 0.000000 0.000000
2.000000 2.000000 2.000000
1.000000 1.000000 1.000000
1.000000
437.104370 376.653320 140.391235
1.000000 1.000000 1.000000 1.000000
0.000000 0.000000 0.000000
2.000000 2.000000 2.000000
1.000000 1.000000 1.000000
1.000000
383.599365 234.791107 -72.750000
1.000000 1.000000 1.000000 1.000000
0.000000 0.000000 0.000000
2.000000 2.000000 2.000000
1.000000 1.000000 1.000000
1.000000
-360.307617 371.562866 -95.565674
1.000000 1.000000 1.000000 1.000000
0.000000 0.000000 0.000000
2.000000 2.000000 2.000000
1.000000 1.000000 1.000000
1.000000
29.902039 382.647186 516.428101
1.000000 1.000000 1.000000 1.000000
0.000000 0.000000 0.000000
2.000000 2.000000 2.000000
1.000000 1.000000 1.000000
1.000000
-175.402100 258.558929 -446.406433
1.000000 1.000000 1.000000 1.000000
0.000000 0.000000 0.000000
2.000000 2.000000 2.000000
1.000000 1.000000 1.000000
1.000000
219.421997 362.700287 -485.152740
1.000000 1.000000 1.000000 1.000000
0.000000 0.000000 0.000000
2.000000 2.000000 2.000000
1.000000 1.000000 1.000000
1.000000
-385.576965 236.060669 -494.528015
1.000000 1.000000 1.000000 1.000000
0.000000 0.000000 0.000000
2.000000 2.000000 2.000000
1.000000 1.000000 1.000000
1.000000
-462.923065 305.069122 531.662964
1.000000 1.000000 1.000000 1.000000
0.000000 0.000000 0.000000
2.000000 2.000000 2.000000
1.000000 1.000000 1.000000
1.000000
-176.244385 266.127502 261.098022
1.000000 1.000000 1.000000 1.000000
0.000000 0.000000 0.000000
2.000000 2.000000 2.000000
1.000000 1.000000 1.000000
1.000000
457.539551 298.513733 340.824585
1.000000 1.000000 1.000000 1.000000
0.000000 0.000000 0.000000
2.000000 2.000000 2.000000
1.000000 1.000000 1.000000
1.000000
-537.998596 359.038055 61.177368
1.000000 1.000000 1.000000 1.000000
0.000000 0.000000 0.000000
2.000000 2.000000 2.000000
1.000000 1.000000 1.000000
1.000000
279.372498 203.723251 -458.418518
1.000000 1.000000 1.000000 1.000000
0.000000 0.000000 0.000000
2.000000 2.000000 2.000000
1.000000 1.000000 1.000000
1.000000
-464.717529 340.824615 -278.530243
1.000000 1.000000 1.000000 1.000000
0.000000 0.000000 0.000000
2.000000 2.000000 2.000000
1.000000 1.000000 1.000000
1.000000
17.084229 332.767731 -544.260986
1.000000 1.000000 1.000000 1.000000
0.000000 0.000000 0.000000
2.000000 2.000000 2.000000
1.000000 1.000000 1.000000
1.000000
204.333618 254.029968 -88.460938
1.000000 1.000000 1.000000 1.000000
0.000000 0.000000 0.000000
2.000000 2.000000 2.000000
1.000000 1.000000 1.000000
1.000000
215.137207 223.841064 -467.244507
1.000000 1.000000 1.000000 1.000000
0.000000 0.000000 0.000000
2.000000 2.000000 2.000000
1.000000 1.000000 1.000000
1.000000
48.542786 394.036682 315.262329
0.000062 0.000062 0.000062 0.000062
0.000000 0.000000 0.000000
2.000000 2.000000 2.000000
1.000000 1.000000 1.000000
1.000000
557.225220 360.869171 294.424316
1.000000 1.000000 1.000000 1.000000
0.000000 0.000000 0.000000
2.000000 2.000000 2.000000
1.000000 1.000000 1.000000
1.000000
111.716064 263.771484 -433.991516
1.000000 1.000000 1.000000 1.000000
0.000000 0.000000 0.000000
2.000000 2.000000 2.000000
1.000000 1.000000 1.000000
1.000000
279.995056 273.976868 506.173950
1.000000 1.000000 1.000000 1.000000
0.000000 0.000000 0.000000
2.000000 2.000000 2.000000
1.000000 1.000000 1.000000
1.000000
152.366699 212.915436 263.148865
1.000000 1.000000 1.000000 1.000000
0.000000 0.000000 0.000000
2.000000 2.000000 2.000000
1.000000 1.000000 1.000000
1.000000
-69.087830 376.567871 -324.161499
1.000000 1.000000 1.000000 1.000000
0.000000 0.000000 0.000000
2.000000 2.000000 2.000000
1.000000 1.000000 1.000000
1.000000
-117.868591 276.210815 232.825684
1.000000 1.000000 1.000000 1.000000
0.000000 0.000000 0.000000
2.000000 2.000000 2.000000
1.000000 1.000000 1.000000
1.000000
-214.294861 344.645508 562.645386
1.000000 1.000000 1.000000 1.000000
0.000000 0.000000 0.000000
2.000000 2.000000 2.000000
1.000000 1.000000 1.000000
1.000000
390.813965 394.317444 317.276489
0.000126 0.000126 0.000126 0.000126
0.000000 0.000000 0.000000
2.000000 2.000000 2.000000
1.000000 1.000000 1.000000
1.000000
158.116394 346.916107 -463.582275
1.000000 1.000000 1.000000 1.000000
0.000000 0.000000 0.000000
2.000000 2.000000 2.000000
1.000000 1.000000 1.000000
1.000000
226.343628 271.852783 -447.248749
1.000000 1.000000 1.000000 1.000000
0.000000 0.000000 0.000000
2.000000 2.000000 2.000000
1.000000 1.000000 1.000000
1.000000
38.618103 206.799530 378.801880
1.000000 1.000000 1.000000 1.000000
0.000000 0.000000 0.000000
2.000000 2.000000 2.000000
1.000000 1.000000 1.000000
1.000000
405.133240 381.121246 -448.200928
1.000000 1.000000 1.000000 1.000000
0.000000 0.000000 0.000000
2.000000 2.000000 2.000000
1.000000 1.000000 1.000000
1.000000
-381.658386 369.609680 363.164185
1.000000 1.000000 1.000000 1.000000
0.000000 0.000000 0.000000
2.000000 2.000000 2.000000
1.000000 1.000000 1.000000
1.000000
416.596008 216.943878 -189.098785
1.000000 1.000000 1.000000 1.000000
0.000000 0.000000 0.000000
2.000000 2.000000 2.000000
1.000000 1.000000 1.000000
1.000000
436.921265 280.849640 344.193848
1.000000 1.000000 1.000000 1.000000
0.000000 0.000000 0.000000
2.000000 2.000000 2.000000
1.000000 1.000000 1.000000
1.000000
-161.009552 365.483582 64.180420
1.000000 1.000000 1.000000 1.000000
0.000000 0.000000 0.000000
2.000000 2.000000 2.000000
1.000000 1.000000 1.000000
1.000000
-384.844513 323.844116 10.748657
1.000000 1.000000 1.000000 1.000000
0.000000 0.000000 0.000000
2.000000 2.000000 2.000000
1.000000 1.000000 1.000000
1.000000
178.844543 334.110535 -498.153625
1.000000 1.000000 1.000000 1.000000
0.000000 0.000000 0.000000
2.000000 2.000000 2.000000
1.000000 1.000000 1.000000
1.000000
511.740479 278.566833 -463.032928
1.000000 1.000000 1.000000 1.000000
0.000000 0.000000 0.000000
2.000000 2.000000 2.000000
1.000000 1.000000 1.000000
1.000000
-490.939056 316.421997 -507.748657
1.000000 1.000000 1.000000 1.000000
0.000000 0.000000 0.000000
2.000000 2.000000 2.000000
1.000000 1.000000 1.000000
1.000000
-118.491150 337.577454 231.873535
1.000000 1.000000 1.000000 1.000000
0.000000 0.000000 0.000000
2.000000 2.000000 2.000000
1.000000 1.000000 1.000000
1.000000
219.092346 310.245056 543.272217
1.000000 1.000000 1.000000 1.000000
0.000000 0.000000 0.000000
2.000000 2.000000 2.000000
1.000000 1.000000 1.000000
1.000000
-421.759705 381.585144 -355.436890
1.000000 1.000000 1.000000 1.000000
0.000000 0.000000 0.000000
2.000000 2.000000 2.000000
1.000000 1.000000 1.000000
1.000000
563.817261 376.885284 564.439819
1.000000 1.000000 1.000000 1.000000
0.000000 0.000000 0.000000
2.000000 2.000000 2.000000
1.000000 1.000000 1.000000
1.000000
216.235840 213.171783 593.444580
1.000000 1.000000 1.000000 1.000000
0.000000 0.000000 0.000000
2.000000 2.000000 2.000000
1.000000 1.000000 1.000000
1.000000
331.669067 394.573792 494.784424
0.000126 0.000126 0.000126 0.000126
0.000000 0.000000 0.000000
2.000000 2.000000 2.000000
1.000000 1.000000 1.000000
1.000000
93.002136 205.139313 -401.068146
1.000000 1.000000 1.000000 1.000000
0.000000 0.000000 0.000000
2.000000 2.000000 2.000000
1.000000 1.000000 1.000000
1.000000
-595.861694 341.642517 334.086182
1.000000 1.000000 1.000000 1.000000
0.000000 0.000000 0.000000
2.000000 2.000000 2.000000
1.000000 1.000000 1.000000
1.000000
-330.167542 315.872681 168.919922
1.000000 1.000000 1.000000 1.000000
0.000000 0.000000 0.000000
2.000000 2.000000 2.000000
1.000000 1.000000 1.000000
1.000000
-506.247131 377.434631 -293.801697
1.000000 1.000000 1.000000 1.000000
0.000000 0.000000 0.000000
2.000000 2.000000 2.000000
1.000000 1.000000 1.000000
1.000000
-325.736267 254.738007 276.918823
1.000000 1.000000 1.000000 1.000000
0.000000 0.000000 0.000000
2.000000 2.000000 2.000000
1.000000 1.000000 1.000000
1.000000
382.354187 228.504288 -294.241150
1.000000 1.000000 1.000000 1.000000
0.000000 0.000000 0.000000
2.000000 2.000000 2.000000
1.000000 1.000000 1.000000
1.000000
-67.256653 241.578415 -357.268005
1.000000 1.000000 1.000000 1.000000
0.000000 0.000000 0.000000
2.000000 2.000000 2.000000
1.000000 1.000000 1.000000
1.000000
-45.136902 380.901520 593.114990
1.000000 1.000000 1.000000 1.000000
0.000000 0.000000 0.000000
2.000000 2.000000 2.000000
1.000000 1.000000 1.000000
1.000000
-136.729034 341.007721 -499.728394
1.000000 1.000000 1.000000 1.000000
0.000000 0.000000 0.000000
2.000000 2.000000 2.000000
1.000000 1.000000 1.000000
1.000000
482.259644 359.941406 61.177368
1.000000 1.000000 1.000000 1.000000
0.000000 0.000000 0.000000
2.000000 2.000000 2.000000
1.000000 1.000000 1.000000
1.000000
199.206543 221.485031 13.348816
1.000000 1.000000 1.000000 1.000000
0.000000 0.000000 0.000000
2.000000 2.000000 2.000000
1.000000 1.000000 1.000000
1.000000
-194.225922 229.334396 332.877563
1.000000 1.000000 1.000000 1.000000
0.000000 0.000000 0.000000
2.000000 2.000000 2.000000
1.000000 1.000000 1.000000
1.000000
-80.257568 244.544815 343.791016
1.000000 1.000000 1.000000 1.000000
0.000000 0.000000 0.000000
2.000000 2.000000 2.000000
1.000000 1.000000 1.000000
1.000000
540.195923 388.616577 -576.927979
1.000000 1.000000 1.000000 1.000000
0.000000 0.000000 0.000000
2.000000 2.000000 2.000000
1.000000 1.000000 1.000000
1.000000
-410.626526 272.011475 -589.233093
1.000000 1.000000 1.000000 1.000000
0.000000 0.000000 0.000000
2.000000 2.000000 2.000000
1.000000 1.000000 1.000000
1.000000
-392.571777 228.431046 -108.383423
1.000000 1.000000 1.000000 1.000000
0.000000 0.000000 0.000000
2.000000 2.000000 2.000000
1.000000 1.000000 1.000000
1.000000
523.532837 337.089142 -283.950317
1.000000 1.000000 1.000000 1.000000
0.000000 0.000000 0.000000
2.000000 2.000000 2.000000
1.000000 1.000000 1.000000
1.000000
262.855896 326.895966 467.281128
1.000000 1.000000 1.000000 1.000000
0.000000 0.000000 0.000000
2.000000 2.000000 2.000000
1.000000 1.000000 1.000000
1.000000
-148.155151 250.367752 168.480469
1.000000 1.000000 1.000000 1.000000
0.000000 0.000000 0.000000
2.000000 2.000000 2.000000
1.000000 1.000000 1.000000
1.000000
572.569946 296.963409 -334.452362
1.000000 1.000000 1.000000 1.000000
0.000000 0.000000 0.000000
2.000000 2.000000 2.000000
1.000000 1.000000 1.000000
1.000000
-247.914063 200.488297 -17.194153
1.000000 1.000000 1.000000 1.000000
0.000000 0.000000 0.000000
2.000000 2.000000 2.000000
1.000000 1.000000 1.000000
1.000000
-24.884766 291.006195 15.619385
1.000000 1.000000 1.000000 1.000000
0.000000 0.000000 0.000000
2.000000 2.000000 2.000000
1.000000 1.000000 1.000000
1.000000
-470.174255 264.381836 -76.815125
1.000000 1.000000 1.000000 1.000000
0.000000 0.000000 0.000000
2.000000 2.000000 2.000000
1.000000 1.000000 1.000000
1.000000
-416.925568 326.700623 -582.421326
1.000000 1.000000 1.000000 1.000000
0.000000 0.000000 0.000000
2.000000 2.000000 2.000000
1.000000 1.000000 1.000000
1.000000
459.077759 327.579590 -25.434143
1.000000 1.000000 1.000000 1.000000
0.000000 0.000000 0.000000
2.000000 2.000000 2.000000
1.000000 1.000000 1.000000
1.000000
210.559387 336.527588 -465.340118
1.000000 1.000000 1.000000 1.000000
0.000000 0.000000 0.000000
2.000000 2.000000 2.000000
1.000000 1.000000 1.000000
1.000000
56.453125 350.358582 -563.670776
1.000000 1.000000 1.000000 1.000000
0.000000 0.000000 0.000000
2.000000 2.000000 2.000000
1.000000 1.000000 1.000000
1.000000
244.801147 278.981903 -108.932770
1.000000 1.000000 1.000000 1.000000
0.000000 0.000000 0.000000
2.000000 2.000000 2.000000
1.000000 1.000000 1.000000
1.000000
206.018250 282.497620 -499.362152
1.000000 1.000000 1.000000 1.000000
0.000000 0.000000 0.000000
2.000000 2.000000 2.000000
1.000000 1.000000 1.000000
1.000000
-511.337616 320.181885 -93.917664
1.000000 1.000000 1.000000 1.000000
0.000000 0.000000 0.000000
2.000000 2.000000 2.000000
1.000000 1.000000 1.000000
1.000000
-124.277466 388.763062 162.730774
1.000000 1.000000 1.000000 1.000000
0.000000 0.000000 0.000000
2.000000 2.000000 2.000000
1.000000 1.000000 1.000000
1.000000
117.685486 330.716888 590.917725
1.000000 1.000000 1.000000 1.000000
0.000000 0.000000 0.000000
2.000000 2.000000 2.000000
1.000000 1.000000 1.000000
1.000000
370.195618 257.264923 358.000427
1.000000 1.000000 1.000000 1.000000
0.000000 0.000000 0.000000
2.000000 2.000000 2.000000
1.000000 1.000000 1.000000
1.000000
343.900879 246.278259 564.622925
1.000000 1.000000 1.000000 1.000000
0.000000 0.000000 0.000000
2.000000 2.000000 2.000000
1.000000 1.000000 1.000000
1.000000
-163.023773 358.830536 -127.793213
1.000000 1.000000 1.000000 1.000000
0.000000 0.000000 0.000000
2.000000 2.000000 2.000000
1.000000 1.000000 1.000000
1.000000
392.791565 259.926147 213.013123
1.000000 1.000000 1.000000 1.000000
0.000000 0.000000 0.000000
2.000000 2.000000 2.000000
1.000000 1.000000 1.000000
1.000000
273.036865 310.049744 312.259277
1.000000 1.000000 1.000000 1.000000
0.000000 0.000000 0.000000
2.000000 2.000000 2.000000
1.000000 1.000000 1.000000
1.000000
-358.769470 339.359741 212.244080
1.000000 1.000000 1.000000 1.000000
0.000000 0.000000 0.000000
2.000000 2.000000 2.000000
1.000000 1.000000 1.000000
1.000000
513.351807 351.213104 343.607910
1.000000 1.000000 1.000000 1.000000
0.000000 0.000000 0.000000
2.000000 2.000000 2.000000
1.000000 1.000000 1.000000
1.000000
-119.260254 267.934204 -151.670868
1.000000 1.000000 1.000000 1.000000
0.000000 0.000000 0.000000
2.000000 2.000000 2.000000
1.000000 1.000000 1.000000
1.000000
-540.928345 282.839447 -574.694031
1.000000 1.000000 1.000000 1.000000
0.000000 0.000000 0.000000
2.000000 2.000000 2.000000
1.000000 1.000000 1.000000
1.000000
-356.352417 280.813019 434.797241
1.000000 1.000000 1.000000 1.000000
0.000000 0.000000 0.000000
2.000000 2.000000 2.000000
1.000000 1.000000 1.000000
1.000000
275.966675 300.015259 -318.338562
1.000000 1.000000 1.000000 1.000000
0.000000 0.000000 0.000000
2.000000 2.000000 2.000000
1.000000 1.000000 1.000000
1.000000
466.255737 378.875092 381.731628
1.000000 1.000000 1.000000 1.000000
0.000000 0.000000 0.000000
2.000000 2.000000 2.000000
1.000000 1.000000 1.000000
1.000000
-261.610748 388.091675 -431.318085
1.000000 1.000000 1.000000 1.000000
0.000000 0.000000 0.000000
2.000000 2.000000 2.000000
1.000000 1.000000 1.000000
1.000000
441.206055 223.267319 324.234741
1.000000 1.000000 1.000000 1.000000
0.000000 0.000000 0.000000
2.000000 2.000000 2.000000
1.000000 1.000000 1.000000
1.000000
24.958069 331.034271 -125.339508
1.000000 1.000000 1.000000 1.000000
0.000000 0.000000 0.000000
2.000000 2.000000 2.000000
1.000000 1.000000 1.000000
1.000000
531.443237 241.102325 105.380432
1.000000 1.000000 1.000000 1.000000
0.000000 0.000000 0.000000
2.000000 2.000000 2.000000
1.000000 1.000000 1.000000
1.000000
455.378906 217.126984 -396.526978
1.000000 1.000000 1.000000 1.000000
0.000000 0.000000 0.000000
2.000000 2.000000 2.000000
1.000000 1.000000 1.000000
1.000000
100.363159 218.384354 -419.708862
1.000000 1.000000 1.000000 1.000000
0.000000 0.000000 0.000000
2.000000 2.000000 2.000000
1.000000 1.000000 1.000000
1.000000
334.086182 224.085205 298.745667
1.000000 1.000000 1.000000 1.000000
0.000000 0.000000 0.000000
2.000000 2.000000 2.000000
1.000000 1.000000 1.000000
1.000000
587.182251 254.835663 536.020996
1.000000 1.000000 1.000000 1.000000
0.000000 0.000000 0.000000
2.000000 2.000000 2.000000
1.000000 1.000000 1.000000
1.000000
-163.463226 270.876190 -438.642548
1.000000 1.000000 1.000000 1.000000
0.000000 0.000000 0.000000
2.000000 2.000000 2.000000
1.000000 1.000000 1.000000
1.000000
-255.458221 283.059174 408.355957
1.000000 1.000000 1.000000 1.000000
0.000000 0.000000 0.000000
2.000000 2.000000 2.000000
1.000000 1.000000 1.000000
1.000000
-597.656189 324.344604 -313.357941
1.000000 1.000000 1.000000 1.000000
0.000000 0.000000 0.000000
2.000000 2.000000 2.000000
1.000000 1.000000 1.000000
1.000000
347.233459 359.843750 527.158447
1.000000 1.000000 1.000000 1.000000
0.000000 0.000000 0.000000
2.000000 2.000000 2.000000
1.000000 1.000000 1.000000
1.000000
-384.038818 314.102600 -544.883545
1.000000 1.000000 1.000000 1.000000
0.000000 0.000000 0.000000
2.000000 2.000000 2.000000
1.000000 1.000000 1.000000
1.000000
-144.676025 283.706177 -489.107941
1.000000 1.000000 1.000000 1.000000
0.000000 0.000000 0.000000
2.000000 2.000000 2.000000
1.000000 1.000000 1.000000
1.000000
432.856201 298.611420 287.832275
1.000000 1.000000 1.000000 1.000000
0.000000 0.000000 0.000000
2.000000 2.000000 2.000000
1.000000 1.000000 1.000000
1.000000
-440.729980 343.510254 -267.543549
1.000000 1.000000 1.000000 1.000000
0.000000 0.000000 0.000000
2.000000 2.000000 2.000000
1.000000 1.000000 1.000000
1.000000
157.420593 233.045441 -73.702209
1.000000 1.000000 1.000000 1.000000
0.000000 0.000000 0.000000
2.000000 2.000000 2.000000
1.000000 1.000000 1.000000
1.000000
-116.367065 267.751099 -262.306580
1.000000 1.000000 1.000000 1.000000
0.000000 0.000000 0.000000
2.000000 2.000000 2.000000
1.000000 1.000000 1.000000
1.000000
-553.489807 385.393860 -180.895386
1.000000 1.000000 1.000000 1.000000
0.000000 0.000000 0.000000
2.000000 2.000000 2.000000
1.000000 1.000000 1.000000
1.000000
16.791260 268.019653 -590.734558
1.000000 1.000000 1.000000 1.000000
0.000000 0.000000 0.000000
2.000000 2.000000 2.000000
1.000000 1.000000 1.000000
1.000000
155.479553 386.675598 -151.451141
1.000000 1.000000 1.000000 1.000000
0.000000 0.000000 0.000000
2.000000 2.000000 2.000000
1.000000 1.000000 1.000000
1.000000
-375.798828 278.078552 503.317383
1.000000 1.000000 1.000000 1.000000
0.000000 0.000000 0.000000
2.000000 2.000000 2.000000
1.000000 1.000000 1.000000
1.000000
301.492371 368.303467 -91.024506
1.000000 1.000000 1.000000 1.000000
0.000000 0.000000 0.000000
2.000000 2.000000 2.000000
1.000000 1.000000 1.000000
1.000000
-89.339874 228.479874 -23.419922
1.000000 1.000000 1.000000 1.000000
0.000000 0.000000 0.000000
2.000000 2.000000 2.000000
1.000000 1.000000 1.000000
1.000000
-192.541260 287.087616 -510.605194
1.000000 1.000000 1.000000 1.000000
0.000000 0.000000 0.000000
2.000000 2.000000 2.000000
1.000000 1.000000 1.000000
1.000000
194.848450 259.010590 194.555481
1.000000 1.000000 1.000000 1.000000
0.000000 0.000000 0.000000
2.000000 2.000000 2.000000
1.000000 1.000000 1.000000
1.000000
24.738342 253.175446 -65.096008
1.000000 1.000000 1.000000 1.000000
0.000000 0.000000 0.000000
2.000000 2.000000 2.000000
1.000000 1.000000 1.000000
1.000000
-229.236755 298.135315 587.878052
1.000000 1.000000 1.000000 1.000000
0.000000 0.000000 0.000000
2.000000 2.000000 2.000000
1.000000 1.000000 1.000000
1.000000
63.447998 326.981415 202.136292
1.000000 1.000000 1.000000 1.000000
0.000000 0.000000 0.000000
2.000000 2.000000 2.000000
1.000000 1.000000 1.000000
1.000000
-347.050385 370.415344 -152.293457
1.000000 1.000000 1.000000 1.000000
0.000000 0.000000 0.000000
2.000000 2.000000 2.000000
1.000000 1.000000 1.000000
1.000000
322.110657 268.263794 391.290039
1.000000 1.000000 1.000000 1.000000
0.000000 0.000000 0.000000
2.000000 2.000000 2.000000
1.000000 1.000000 1.000000
1.000000
-517.233765 276.625854 567.113281
1.000000 1.000000 1.000000 1.000000
0.000000 0.000000 0.000000
2.000000 2.000000 2.000000
1.000000 1.000000 1.000000
1.000000
224.182861 359.916992 -51.252808
1.000000 1.000000 1.000000 1.000000
0.000000 0.000000 0.000000
2.000000 2.000000 2.000000
1.000000 1.000000 1.000000
1.000000
407.550293 278.456970 531.260132
1.000000 1.000000 1.000000 1.000000
0.000000 0.000000 0.000000
2.000000 2.000000 2.000000
1.000000 1.000000 1.000000
1.000000
-296.438477 398.626648 243.885620
0.000140 0.000140 0.000140 0.000140
0.000000 0.000000 0.000000
2.000000 2.000000 2.000000
1.000000 1.000000 1.000000
1.000000
-141.489929 343.717773 523.276489
1.000000 1.000000 1.000000 1.000000
0.000000 0.000000 0.000000
2.000000 2.000000 2.000000
1.000000 1.000000 1.000000
1.000000
-482.113098 271.193573 -585.314514
1.000000 1.000000 1.000000 1.000000
0.000000 0.000000 0.000000
2.000000 2.000000 2.000000
1.000000 1.000000 1.000000
1.000000
-393.963440 378.875092 -179.796722
1.000000 1.000000 1.000000 1.000000
0.000000 0.000000 0.000000
2.000000 2.000000 2.000000
1.000000 1.000000 1.000000
1.000000
-512.106689 221.375168 271.572021
1.000000 1.000000 1.000000 1.000000
0.000000 0.000000 0.000000
2.000000 2.000000 2.000000
1.000000 1.000000 1.000000
1.000000
173.278015 236.060669 105.160706
1.000000 1.000000 1.000000 1.000000
0.000000 0.000000 0.000000
2.000000 2.000000 2.000000
1.000000 1.000000 1.000000
1.000000
-598.022400 266.542542 240.113525
1.000000 1.000000 1.000000 1.000000
0.000000 0.000000 0.000000
2.000000 2.000000 2.000000
1.000000 1.000000 1.000000
1.000000
572.020630 299.307220 468.636108
1.000000 1.000000 1.000000 1.000000
0.000000 0.000000 0.000000
2.000000 2.000000 2.000000
1.000000 1.000000 1.000000
1.000000
135.959961 276.699127 -359.941406
1.000000 1.000000 1.000000 1.000000
0.000000 0.000000 0.000000
2.000000 2.000000 2.000000
1.000000 1.000000 1.000000
1.000000
-549.790955 300.454712 -358.256775
1.000000 1.000000 1.000000 1.000000
0.000000 0.000000 0.000000
2.000000 2.000000 2.000000
1.000000 1.000000 1.000000
1.000000
-308.267456 340.592651 -165.514069
1.000000 1.000000 1.000000 1.000000
0.000000 0.000000 0.000000
2.000000 2.000000 2.000000
1.000000 1.000000 1.000000
1.000000
225.281494 254.054382 -185.253448
1.000000 1.000000 1.000000 1.000000
0.000000 0.000000 0.000000
2.000000 2.000000 2.000000
1.000000 1.000000 1.000000
1.000000
-30.158386 367.363495 -444.868286
1.000000 1.000000 1.000000 1.000000
0.000000 0.000000 0.000000
2.000000 2.000000 2.000000
1.000000 1.000000 1.000000
1.000000
405.279724 305.056915 466.658569
1.000000 1.000000 1.000000 1.000000
0.000000 0.000000 0.000000
2.000000 2.000000 2.000000
1.000000 1.000000 1.000000
1.000000
-585.607483 226.709808 -396.966431
1.000000 1.000000 1.000000 1.000000
0.000000 0.000000 0.000000
2.000000 2.000000 2.000000
1.000000 1.000000 1.000000
1.000000
-329.728088 315.567505 384.478271
1.000000 1.000000 1.000000 1.000000
0.000000 0.000000 0.000000
2.000000 2.000000 2.000000
1.000000 1.000000 1.000000
1.000000
-204.882965 209.033478 386.089661
1.000000 1.000000 1.000000 1.000000
0.000000 0.000000 0.000000
2.000000 2.000000 2.000000
1.000000 1.000000 1.000000
1.000000
463.838623 374.858856 48.396301
1.000000 1.000000 1.000000 1.000000
0.000000 0.000000 0.000000
2.000000 2.000000 2.000000
1.000000 1.000000 1.000000
1.000000
143.320984 214.001892 -21.149353
1.000000 1.000000 1.000000 1.000000
0.000000 0.000000 0.000000
2.000000 2.000000 2.000000
1.000000 1.000000 1.000000
1.000000
-340.018921 331.302826 306.875854
1.000000 1.000000 1.000000 1.000000
0.000000 0.000000 0.000000
2.000000 2.000000 2.000000
1.000000 1.000000 1.000000
1.000000
-455.964844 337.968079 98.934875
1.000000 1.000000 1.000000 1.000000
0.000000 0.000000 0.000000
2.000000 2.000000 2.000000
1.000000 1.000000 1.000000
1.000000
-491.488403 369.402161 317.496216
1.000000 1.000000 1.000000 1.000000
0.000000 0.000000 0.000000
2.000000 2.000000 2.000000
1.000000 1.000000 1.000000
1.000000
88.314514 300.979645 -110.544128
1.000000 1.000000 1.000000 1.000000
0.000000 0.000000 0.000000
2.000000 2.000000 2.000000
1.000000 1.000000 1.000000
1.000000
-433.405579 258.998383 -285.085602
1.000000 1.000000 1.000000 1.000000
0.000000 0.000000 0.000000
2.000000 2.000000 2.000000
1.000000 1.000000 1.000000
1.000000
579.381714 290.835297 578.905640
1.000000 1.000000 1.000000 1.000000
0.000000 0.000000 0.000000
2.000000 2.000000 2.000000
1.000000 1.000000 1.000000
1.000000
-88.570831 288.393799 -9.869690
1.000000 1.000000 1.000000 1.000000
0.000000 0.000000 0.000000
2.000000 2.000000 2.000000
1.000000 1.000000 1.000000
1.000000
250.990295 340.397339 263.331970
1.000000 1.000000 1.000000 1.000000
0.000000 0.000000 0.000000
2.000000 2.000000 2.000000
1.000000 1.000000 1.000000
1.000000
-60.774536 211.584824 -580.333862
1.000000 1.000000 1.000000 1.000000
0.000000 0.000000 0.000000
2.000000 2.000000 2.000000
1.000000 1.000000 1.000000
1.000000
429.084106 390.447693 491.817993
0.000126 0.000126 0.000126 0.000126
0.000000 0.000000 0.000000
2.000000 2.000000 2.000000
1.000000 1.000000 1.000000
1.000000
285.561707 335.770752 193.493469
1.000000 1.000000 1.000000 1.000000
0.000000 0.000000 0.000000
2.000000 2.000000 2.000000
1.000000 1.000000 1.000000
1.000000
478.670654 275.795776 301.748718
1.000000 1.000000 1.000000 1.000000
0.000000 0.000000 0.000000
2.000000 2.000000 2.000000
1.000000 1.000000 1.000000
1.000000
329.435120 267.629028 365.947449
1.000000 1.000000 1.000000 1.000000
0.000000 0.000000 0.000000
2.000000 2.000000 2.000000
1.000000 1.000000 1.000000
1.000000
-460.982086 220.325333 36.201050
1.000000 1.000000 1.000000 1.000000
0.000000 0.000000 0.000000
2.000000 2.000000 2.000000
1.000000 1.000000 1.000000
1.000000
-257.435852 265.785706 84.725464
1.000000 1.000000 1.000000 1.000000
0.000000 0.000000 0.000000
2.000000 2.000000 2.000000
1.000000 1.000000 1.000000
1.000000
462.520142 245.875427 -251.100189
1.000000 1.000000 1.000000 1.000000
0.000000 0.000000 0.000000
2.000000 2.000000 2.000000
1.000000 1.000000 1.000000
1.000000
557.847778 335.917236 -139.072845
1.000000 1.000000 1.000000 1.000000
0.000000 0.000000 0.000000
2.000000 2.000000 2.000000
1.000000 1.000000 1.000000
1.000000
473.433594 237.073883 569.237305
1.000000 1.000000 1.000000 1.000000
0.000000 0.000000 0.000000
2.000000 2.000000 2.000000
1.000000 1.000000 1.000000
1.000000
102.816895 275.051117 -72.273926
1.000000 1.000000 1.000000 1.000000
0.000000 0.000000 0.000000
2.000000 2.000000 2.000000
1.000000 1.000000 1.000000
1.000000
-577.660461 246.986298 107.174927
1.000000 1.000000 1.000000 1.000000
0.000000 0.000000 0.000000
2.000000 2.000000 2.000000
1.000000 1.000000 1.000000
1.000000
314.456604 327.701660 -201.550354
1.000000 1.000000 1.000000 1.000000
0.000000 0.000000 0.000000
2.000000 2.000000 2.000000
1.000000 1.000000 1.000000
1.000000
-587.878052 376.567871 123.654907
1.000000 1.000000 1.000000 1.000000
0.000000 0.000000 0.000000
2.000000 2.000000 2.000000
1.000000 1.000000 1.000000
1.000000
300.357056 249.073761 -598.864685
1.000000 1.000000 1.000000 1.000000
0.000000 0.000000 0.000000
2.000000 2.000000 2.000000
1.000000 1.000000 1.000000
1.000000
-294.021423 339.982300 -349.467438
1.000000 1.000000 1.000000 1.000000
0.000000 0.000000 0.000000
2.000000 2.000000 2.000000
1.000000 1.000000 1.000000
1.000000
417.035461 277.797791 -96.993927
1.000000 1.000000 1.000000 1.000000
0.000000 0.000000 0.000000
2.000000 2.000000 2.000000
1.000000 1.000000 1.000000
1.000000
-573.522156 393.353088 -503.097626
0.000126 0.000126 0.000126 0.000126
0.000000 0.000000 0.000000
2.000000 2.000000 2.000000
1.000000 1.000000 1.000000
1.000000
-286.696991 332.316040 442.963989
1.000000 1.000000 1.000000 1.000000
0.000000 0.000000 0.000000
2.000000 2.000000 2.000000
1.000000 1.000000 1.000000
1.000000
-442.634338 398.504578 -436.518433
0.000062 0.000062 0.000062 0.000062
0.000000 0.000000 0.000000
2.000000 2.000000 2.000000
1.000000 1.000000 1.000000
1.000000
-245.496979 392.181152 -549.351501
0.000056 0.000056 0.000056 0.000056
0.000000 0.000000 0.000000
2.000000 2.000000 2.000000
1.000000 1.000000 1.000000
1.000000
-309.109772 235.145111 -564.879272
1.000000 1.000000 1.000000 1.000000
0.000000 0.000000 0.000000
2.000000 2.000000 2.000000
1.000000 1.000000 1.000000
1.000000
-117.355865 313.663147 546.458374
1.000000 1.000000 1.000000 1.000000
0.000000 0.000000 0.000000
2.000000 2.000000 2.000000
1.000000 1.000000 1.000000
1.000000
25.031311 341.019928 255.421631
1.000000 1.000000 1.000000 1.000000
0.000000 0.000000 0.000000
2.000000 2.000000 2.000000
1.000000 1.000000 1.000000
1.000000
-531.260132 224.988556 -258.607758
1.000000 1.000000 1.000000 1.000000
0.000000 0.000000 0.000000
2.000000 2.000000 2.000000
1.000000 1.000000 1.000000
1.000000
-218.066956 203.515732 -315.189056
1.000000 1.000000 1.000000 1.000000
0.000000 0.000000 0.000000
2.000000 2.000000 2.000000
1.000000 1.000000 1.000000
1.000000
23.053711 301.297028 152.989258
1.000000 1.000000 1.000000 1.000000
0.000000 0.000000 0.000000
2.000000 2.000000 2.000000
1.000000 1.000000 1.000000
1.000000
70.296326 326.163513 -182.946259
1.000000 1.000000 1.000000 1.000000
0.000000 0.000000 0.000000
2.000000 2.000000 2.000000
1.000000 1.000000 1.000000
1.000000
392.718323 283.095795 -474.935150
1.000000 1.000000 1.000000 1.000000
0.000000 0.000000 0.000000
2.000000 2.000000 2.000000
1.000000 1.000000 1.000000
1.000000
369.353333 271.681885 521.152344
1.000000 1.000000 1.000000 1.000000
0.000000 0.000000 0.000000
2.000000 2.000000 2.000000
1.000000 1.000000 1.000000
1.000000
-236.744293 382.158875 -40.485901
1.000000 1.000000 1.000000 1.000000
0.000000 0.000000 0.000000
2.000000 2.000000 2.000000
1.000000 1.000000 1.000000
1.000000
-47.956787 244.996490 229.090271
1.000000 1.000000 1.000000 1.000000
0.000000 0.000000 0.000000
2.000000 2.000000 2.000000
1.000000 1.000000 1.000000
1.000000
-474.239319 249.842834 562.389038
1.000000 1.000000 1.000000 1.000000
0.000000 0.000000 0.000000
2.000000 2.000000 2.000000
1.000000 1.000000 1.000000
1.000000
-219.495209 222.510452 406.524841
1.000000 1.000000 1.000000 1.000000
0.000000 0.000000 0.000000
2.000000 2.000000 2.000000
1.000000 1.000000 1.000000
1.000000
-113.950012 278.432556 336.393372
1.000000 1.000000 1.000000 1.000000
0.000000 0.000000 0.000000
2.000000 2.000000 2.000000
1.000000 1.000000 1.000000
1.000000
-1.593079 354.387024 27.594849
1.000000 1.000000 1.000000 1.000000
0.000000 0.000000 0.000000
2.000000 2.000000 2.000000
1.000000 1.000000 1.000000
1.000000
-380.449829 393.939026 -276.003326
0.000056 0.000056 0.000056 0.000056
0.000000 0.000000 0.000000
2.000000 2.000000 2.000000
1.000000 1.000000 1.000000
1.000000
-388.982819 325.077057 327.567383
1.000000 1.000000 1.000000 1.000000
0.000000 0.000000 0.000000
2.000000 2.000000 2.000000
1.000000 1.000000 1.000000
1.000000
-551.878418 201.892151 -306.839203
1.000000 1.000000 1.000000 1.000000
0.000000 0.000000 0.000000
2.000000 2.000000 2.000000
1.000000 1.000000 1.000000
1.000000
539.939575 352.165283 435.895874
1.000000 1.000000 1.000000 1.000000
0.000000 0.000000 0.000000
2.000000 2.000000 2.000000
1.000000 1.000000 1.000000
1.000000
-544.297607 330.765717 207.263367
1.000000 1.000000 1.000000 1.000000
0.000000 0.000000 0.000000
2.000000 2.000000 2.000000
1.000000 1.000000 1.000000
1.000000
519.028198 218.652908 304.898193
1.000000 1.000000 1.000000 1.000000
0.000000 0.000000 0.000000
2.000000 2.000000 2.000000
1.000000 1.000000 1.000000
1.000000
482.186401 213.635666 -62.898682
1.000000 1.000000 1.000000 1.000000
0.000000 0.000000 0.000000
2.000000 2.000000 2.000000
1.000000 1.000000 1.000000
1.000000
-325.772888 394.146545 -335.367889
0.000058 0.000058 0.000058 0.000058
0.000000 0.000000 0.000000
2.000000 2.000000 2.000000
1.000000 1.000000 1.000000
1.000000
142.515320 380.816071 -555.943481
1.000000 1.000000 1.000000 1.000000
0.000000 0.000000 0.000000
2.000000 2.000000 2.000000
1.000000 1.000000 1.000000
1.000000
-48.945618 231.214325 -558.580261
1.000000 1.000000 1.000000 1.000000
0.000000 0.000000 0.000000
2.000000 2.000000 2.000000
1.000000 1.000000 1.000000
1.000000
-419.232758 257.875305 -446.736023
1.000000 1.000000 1.000000 1.000000
0.000000 0.000000 0.000000
2.000000 2.000000 2.000000
1.000000 1.000000 1.000000
1.000000
96.114990 398.919647 -188.293121
0.000126 0.000126 0.000126 0.000126
0.000000 0.000000 0.000000
2.000000 2.000000 2.000000
1.000000 1.000000 1.000000
1.000000
-336.649689 285.744812 466.182495
1.000000 1.000000 1.000000 1.000000
0.000000 0.000000 0.000000
2.000000 2.000000 2.000000
1.000000 1.000000 1.000000
1.000000
-354.045227 260.597534 58.064514
1.000000 1.000000 1.000000 1.000000
0.000000 0.000000 0.000000
2.000000 2.000000 2.000000
1.000000 1.000000 1.000000
1.000000
-151.744110 257.704407 -529.172607
1.000000 1.000000 1.000000 1.000000
0.000000 0.000000 0.000000
2.000000 2.000000 2.000000
1.000000 1.000000 1.000000
1.000000
-4.010132 206.518753 460.322876
1.000000 1.000000 1.000000 1.000000
0.000000 0.000000 0.000000
2.000000 2.000000 2.000000
1.000000 1.000000 1.000000
1.000000
-455.342285 261.207916 39.680176
1.000000 1.000000 1.000000 1.000000
0.000000 0.000000 0.000000
2.000000 2.000000 2.000000
1.000000 1.000000 1.000000
1.000000
124.863403 280.104980 -371.623901
1.000000 1.000000 1.000000 1.000000
0.000000 0.000000 0.000000
2.000000 2.000000 2.000000
1.000000 1.000000 1.000000
1.000000
-117.319244 289.223907 -218.616302
1.000000 1.000000 1.000000 1.000000
0.000000 0.000000 0.000000
2.000000 2.000000 2.000000
1.000000 1.000000 1.000000
1.000000
-251.026947 293.215729 91.207642
1.000000 1.000000 1.000000 1.000000
0.000000 0.000000 0.000000
2.000000 2.000000 2.000000
1.000000 1.000000 1.000000
1.000000
410.773010 242.530594 406.598083
1.000000 1.000000 1.000000 1.000000
0.000000 0.000000 0.000000
2.000000 2.000000 2.000000
1.000000 1.000000 1.000000
1.000000
218.543030 354.264954 240.223389
1.000000 1.000000 1.000000 1.000000
0.000000 0.000000 0.000000
2.000000 2.000000 2.000000
1.000000 1.000000 1.000000
1.000000
211.291809 353.117462 411.651978
1.000000 1.000000 1.000000 1.000000
0.000000 0.000000 0.000000
2.000000 2.000000 2.000000
1.000000 1.000000 1.000000
1.000000
62.532471 257.362579 142.405457
1.000000 1.000000 1.000000 1.000000
0.000000 0.000000 0.000000
2.000000 2.000000 2.000000
1.000000 1.000000 1.000000
1.000000
-597.509705 288.454834 306.729370
1.000000 1.000000 1.000000 1.000000
0.000000 0.000000 0.000000
2.000000 2.000000 2.000000
1.000000 1.000000 1.000000
1.000000
-294.534119 329.178772 356.938354
1.000000 1.000000 1.000000 1.000000
0.000000 0.000000 0.000000
2.000000 2.000000 2.000000
1.000000 1.000000 1.000000
1.000000
52.021851 350.749237 310.757813
1.000000 1.000000 1.000000 1.000000
0.000000 0.000000 0.000000
2.000000 2.000000 2.000000
1.000000 1.000000 1.000000
1.000000
-432.636475 308.523804 -308.963287
1.000000 1.000000 1.000000 1.000000
0.000000 0.000000 0.000000
2.000000 2.000000 2.000000
1.000000 1.000000 1.000000
1.000000
-138.596741 268.300415 -394.988861
1.000000 1.000000 1.000000 1.000000
0.000000 0.000000 0.000000
2.000000 2.000000 2.000000
1.000000 1.000000 1.000000
1.000000
491.964478 305.728333 -460.945465
1.000000 1.000000 1.000000 1.000000
0.000000 0.000000 0.000000
2.000000 2.000000 2.000000
1.000000 1.000000 1.000000
1.000000
-23.969238 397.784363 413.409790
0.000056 0.000056 0.000056 0.000056
0.000000 0.000000 0.000000
2.000000 2.000000 2.000000
1.000000 1.000000 1.000000
1.000000
168.407227 215.527817 -206.677429
1.000000 1.000000 1.000000 1.000000
0.000000 0.000000 0.000000
2.000000 2.000000 2.000000
1.000000 1.000000 1.000000
1.000000
-12.799438 278.041931 -422.638611
1.000000 1.000000 1.000000 1.000000
0.000000 0.000000 0.000000
2.000000 2.000000 2.000000
1.000000 1.000000 1.000000
1.000000
-518.918396 216.638687 -411.981567
1.000000 1.000000 1.000000 1.000000
0.000000 0.000000 0.000000
2.000000 2.000000 2.000000
1.000000 1.000000 1.000000
1.000000
106.332581 303.286835 336.686340
1.000000 1.000000 1.000000 1.000000
0.000000 0.000000 0.000000
2.000000 2.000000 2.000000
1.000000 1.000000 1.000000
1.000000
84.139526 335.477783 546.202026
1.000000 1.000000 1.000000 1.000000
0.000000 0.000000 0.000000
2.000000 2.000000 2.000000
1.000000 1.000000 1.000000
1.000000
-312.955109 258.827484 281.972717
1.000000 1.000000 1.000000 1.000000
0.000000 0.000000 0.000000
2.000000 2.000000 2.000000
1.000000 1.000000 1.000000
1.000000
-57.808167 351.933350 -201.294006
1.000000 1.000000 1.000000 1.000000
0.000000 0.000000 0.000000
2.000000 2.000000 2.000000
1.000000 1.000000 1.000000
1.000000
-140.098297 312.100586 8.661194
1.000000 1.000000 1.000000 1.000000
0.000000 0.000000 0.000000
2.000000 2.000000 2.000000
1.000000 1.000000 1.000000
1.000000
16.864502 305.423157 421.723083
1.000000 1.000000 1.000000 1.000000
0.000000 0.000000 0.000000
2.000000 2.000000 2.000000
1.000000 1.000000 1.000000
1.000000
296.987854 358.708435 402.642944
1.000000 1.000000 1.000000 1.000000
0.000000 0.000000 0.000000
2.000000 2.000000 2.000000
1.000000 1.000000 1.000000
1.000000
-355.876343 279.873047 360.783691
1.000000 1.000000 1.000000 1.000000
0.000000 0.000000 0.000000
2.000000 2.000000 2.000000
1.000000 1.000000 1.000000
1.000000
-410.260315 333.280426 26.606018
1.000000 1.000000 1.000000 1.000000
0.000000 0.000000 0.000000
2.000000 2.000000 2.000000
1.000000 1.000000 1.000000
1.000000
-71.431641 399.237030 -261.903717
0.000056 0.000056 0.000056 0.000056
0.000000 0.000000 0.000000
2.000000 2.000000 2.000000
1.000000 1.000000 1.000000
1.000000
327.164551 382.268738 -238.538788
1.000000 1.000000 1.000000 1.000000
0.000000 0.000000 0.000000
2.000000 2.000000 2.000000
1.000000 1.000000 1.000000
1.000000
432.050537 378.081604 492.110962
1.000000 1.000000 1.000000 1.000000
0.000000 0.000000 0.000000
2.000000 2.000000 2.000000
1.000000 1.000000 1.000000
1.000000
-170.238342 323.282593 -357.890564
1.000000 1.000000 1.000000 1.000000
0.000000 0.000000 0.000000
2.000000 2.000000 2.000000
1.000000 1.000000 1.000000
1.000000
527.414795 217.700745 -231.470703
1.000000 1.000000 1.000000 1.000000
0.000000 0.000000 0.000000
2.000000 2.000000 2.000000
1.000000 1.000000 1.000000
1.000000
-513.718079 209.802551 428.498169
1.000000 1.000000 1.000000 1.000000
0.000000 0.000000 0.000000
2.000000 2.000000 2.000000
1.000000 1.000000 1.000000
1.000000
47.297546 278.627899 515.732300
1.000000 1.000000 1.000000 1.000000
0.000000 0.000000 0.000000
2.000000 2.000000 2.000000
1.000000 1.000000 1.000000
1.000000
518.039429 313.870667 -391.033661
1.000000 1.000000 1.000000 1.000000
0.000000 0.000000 0.000000
2.000000 2.000000 2.000000
1.000000 1.000000 1.000000
1.000000
568.211914 286.440613 32.282471
1.000000 1.000000 1.000000 1.000000
0.000000 0.000000 0.000000
2.000000 2.000000 2.000000
1.000000 1.000000 1.000000
1.000000
221.399536 352.543701 573.302490
1.000000 1.000000 1.000000 1.000000
0.000000 0.000000 0.000000
2.000000 2.000000 2.000000
1.000000 1.000000 1.000000
1.000000
92.159790 211.755737 -67.659546
1.000000 1.000000 1.000000 1.000000
0.000000 0.000000 0.000000
2.000000 2.000000 2.000000
1.000000 1.000000 1.000000
1.000000
-492.806793 355.839722 405.829041
1.000000 1.000000 1.000000 1.000000
0.000000 0.000000 0.000000
2.000000 2.000000 2.000000
1.000000 1.000000 1.000000
1.000000
349.906921 252.247696 -91.097748
1.000000 1.000000 1.000000 1.000000
0.000000 0.000000 0.000000
2.000000 2.000000 2.000000
1.000000 1.000000 1.000000
1.000000
71.394958 244.434952 238.612061
1.000000 1.000000 1.000000 1.000000
0.000000 0.000000 0.000000
2.000000 2.000000 2.000000
1.000000 1.000000 1.000000
1.000000
-170.311584 250.245667 -124.204224
1.000000 1.000000 1.000000 1.000000
0.000000 0.000000 0.000000
2.000000 2.000000 2.000000
1.000000 1.000000 1.000000
1.000000
58.210999 367.668701 -249.195862
1.000000 1.000000 1.000000 1.000000
0.000000 0.000000 0.000000
2.000000 2.000000 2.000000
1.000000 1.000000 1.000000
1.000000
182.323669 321.378235 182.543396
1.000000 1.000000 1.000000 1.000000
0.000000 0.000000 0.000000
2.000000 2.000000 2.000000
1.000000 1.000000 1.000000
1.000000
352.909973 325.968201 158.629150
1.000000 1.000000 1.000000 1.000000
0.000000 0.000000 0.000000
2.000000 2.000000 2.000000
1.000000 1.000000 1.000000
1.000000
-69.307556 335.941650 22.980469
1.000000 1.000000 1.000000 1.000000
0.000000 0.000000 0.000000
2.000000 2.000000 2.000000
1.000000 1.000000 1.000000
1.000000
-176.866974 340.678101 -265.309601
1.000000 1.000000 1.000000 1.000000
0.000000 0.000000 0.000000
2.000000 2.000000 2.000000
1.000000 1.000000 1.000000
1.000000
-118.308044 374.858856 -434.064758
1.000000 1.000000 1.000000 1.000000
0.000000 0.000000 0.000000
2.000000 2.000000 2.000000
1.000000 1.000000 1.000000
1.000000
265.053223 296.926788 173.900574
1.000000 1.000000 1.000000 1.000000
0.000000 0.000000 0.000000
2.000000 2.000000 2.000000
1.000000 1.000000 1.000000
1.000000
568.504883 232.105469 -171.520111
1.000000 1.000000 1.000000 1.000000
0.000000 0.000000 0.000000
2.000000 2.000000 2.000000
1.000000 1.000000 1.000000
1.000000
-143.137909 394.732513 -39.167419
0.000126 0.000126 0.000126 0.000126
0.000000 0.000000 0.000000
2.000000 2.000000 2.000000
1.000000 1.000000 1.000000
1.000000
157.383972 350.675995 -466.731750
1.000000 1.000000 1.000000 1.000000
0.000000 0.000000 0.000000
2.000000 2.000000 2.000000
1.000000 1.000000 1.000000
1.000000
-405.572693 266.762299 373.967773
1.000000 1.000000 1.000000 1.000000
0.000000 0.000000 0.000000
2.000000 2.000000 2.000000
1.000000 1.000000 1.000000
1.000000
-127.683350 251.759399 505.221802
1.000000 1.000000 1.000000 1.000000
0.000000 0.000000 0.000000
2.000000 2.000000 2.000000
1.000000 1.000000 1.000000
1.000000
-594.067200 242.005676 -123.435150
1.000000 1.000000 1.000000 1.000000
0.000000 0.000000 0.000000
2.000000 2.000000 2.000000
1.000000 1.000000 1.000000
1.000000
-514.194153 331.546997 366.386902
1.000000 1.000000 1.000000 1.000000
0.000000 0.000000 0.000000
2.000000 2.000000 2.000000
1.000000 1.000000 1.000000
1.000000
-314.639740 390.166931 329.947815
0.000126 0.000126 0.000126 0.000126
0.000000 0.000000 0.000000
2.000000 2.000000 2.000000
1.000000 1.000000 1.000000
1.000000
-223.926514 306.741547 -296.768066
1.000000 1.000000 1.000000 1.000000
0.000000 0.000000 0.000000
2.000000 2.000000 2.000000
1.000000 1.000000 1.000000
1.000000
-595.605347 229.065826 541.367798
1.000000 1.000000 1.000000 1.000000
0.000000 0.000000 0.000000
2.000000 2.000000 2.000000
1.000000 1.000000 1.000000
1.000000
-294.094666 248.695343 148.887634
1.000000 1.000000 1.000000 1.000000
0.000000 0.000000 0.000000
2.000000 2.000000 2.000000
1.000000 1.000000 1.000000
1.000000
-101.535095 280.532227 -406.305115
1.000000 1.000000 1.000000 1.000000
0.000000 0.000000 0.000000
2.000000 2.000000 2.000000
1.000000 1.000000 1.000000
1.000000
-372.978912 296.560547 321.048645
1.000000 1.000000 1.000000 1.000000
0.000000 0.000000 0.000000
2.000000 2.000000 2.000000
1.000000 1.000000 1.000000
1.000000
452.485718 215.405746 371.587280
1.000000 1.000000 1.000000 1.000000
0.000000 0.000000 0.000000
2.000000 2.000000 2.000000
1.000000 1.000000 1.000000
1.000000
276.515991 394.585999 389.751892
0.000062 0.000062 0.000062 0.000062
0.000000 0.000000 0.000000
2.000000 2.000000 2.000000
1.000000 1.000000 1.000000
1.000000
7.782227 216.040527 -212.829987
1.000000 1.000000 1.000000 1.000000
0.000000 0.000000 0.000000
2.000000 2.000000 2.000000
1.000000 1.000000 1.000000
1.000000
-120.761749 394.390686 69.600525
0.000126 0.000126 0.000126 0.000126
0.000000 0.000000 0.000000
2.000000 2.000000 2.000000
1.000000 1.000000 1.000000
1.000000
-90.365295 293.789490 -578.612610
1.000000 1.000000 1.000000 1.000000
0.000000 0.000000 0.000000
2.000000 2.000000 2.000000
1.000000 1.000000 1.000000
1.000000
282.448853 205.981628 198.364258
1.000000 1.000000 1.000000 1.000000
0.000000 0.000000 0.000000
2.000000 2.000000 2.000000
1.000000 1.000000 1.000000
1.000000
-182.323700 395.623657 -435.639526
0.000126 0.000126 0.000126 0.000126
0.000000 0.000000 0.000000
2.000000 2.000000 2.000000
1.000000 1.000000 1.000000
1.000000
-98.129211 349.858093 1.300110
1.000000 1.000000 1.000000 1.000000
0.000000 0.000000 0.000000
2.000000 2.000000 2.000000
1.000000 1.000000 1.000000
1.000000
153.648499 346.818451 470.101074
1.000000 1.000000 1.000000 1.000000
0.000000 0.000000 0.000000
2.000000 2.000000 2.000000
1.000000 1.000000 1.000000
1.000000
-81.649231 211.169769 231.983398
1.000000 1.000000 1.000000 1.000000
0.000000 0.000000 0.000000
2.000000 2.000000 2.000000
1.000000 1.000000 1.000000
1.000000
510.239014 353.679016 34.077026
1.000000 1.000000 1.000000 1.000000
0.000000 0.000000 0.000000
2.000000 2.000000 2.000000
1.000000 1.000000 1.000000
1.000000
-204.589996 376.616699 400.775146
1.000000 1.000000 1.000000 1.000000
0.000000 0.000000 0.000000
2.000000 2.000000 2.000000
1.000000 1.000000 1.000000
1.000000
251.246643 371.208832 302.444519
1.000000 1.000000 1.000000 1.000000
0.000000 0.000000 0.000000
2.000000 2.000000 2.000000
1.000000 1.000000 1.000000
1.000000
-218.652924 350.712616 297.097717
1.000000 1.000000 1.000000 1.000000
0.000000 0.000000 0.000000
2.000000 2.000000 2.000000
1.000000 1.000000 1.000000
1.000000
302.920593 321.951965 -501.229889
1.000000 1.000000 1.000000 1.000000
0.000000 0.000000 0.000000
2.000000 2.000000 2.000000
1.000000 1.000000 1.000000
1.000000
-437.726990 227.100433 -370.818207
1.000000 1.000000 1.000000 1.000000
0.000000 0.000000 0.000000
2.000000 2.000000 2.000000
1.000000 1.000000 1.000000
1.000000
595.898315 379.741821 -484.127319
1.000000 1.000000 1.000000 1.000000
0.000000 0.000000 0.000000
2.000000 2.000000 2.000000
1.000000 1.000000 1.000000
1.000000
-67.366516 377.886292 -491.268646
1.000000 1.000000 1.000000 1.000000
0.000000 0.000000 0.000000
2.000000 2.000000 2.000000
1.000000 1.000000 1.000000
1.000000
-576.708252 257.985168 421.869568
1.000000 1.000000 1.000000 1.000000
0.000000 0.000000 0.000000
2.000000 2.000000 2.000000
1.000000 1.000000 1.000000
1.000000
-158.153015 354.777649 263.368591
1.000000 1.000000 1.000000 1.000000
0.000000 0.000000 0.000000
2.000000 2.000000 2.000000
1.000000 1.000000 1.000000
1.000000
336.320068 356.389038 -464.021729
1.000000 1.000000 1.000000 1.000000
0.000000 0.000000 0.000000
2.000000 2.000000 2.000000
1.000000 1.000000 1.000000
1.000000
-136.948761 287.807861 -405.719177
1.000000 1.000000 1.000000 1.000000
0.000000 0.000000 0.000000
2.000000 2.000000 2.000000
1.000000 1.000000 1.000000
1.000000
-11.151489 274.538391 -57.991272
1.000000 1.000000 1.000000 1.000000
0.000000 0.000000 0.000000
2.000000 2.000000 2.000000
1.000000 1.000000 1.000000
1.000000
-208.545197 301.309235 496.212646
1.000000 1.000000 1.000000 1.000000
0.000000 0.000000 0.000000
2.000000 2.000000 2.000000
1.000000 1.000000 1.000000
1.000000
141.489868 360.905792 433.515381
1.000000 1.000000 1.000000 1.000000
0.000000 0.000000 0.000000
2.000000 2.000000 2.000000
1.000000 1.000000 1.000000
1.000000
-122.885834 381.096832 -22.431091
1.000000 1.000000 1.000000 1.000000
0.000000 0.000000 0.000000
2.000000 2.000000 2.000000
1.000000 1.000000 1.000000
1.000000
-439.375000 327.249969 -596.996948
1.000000 1.000000 1.000000 1.000000
0.000000 0.000000 0.000000
2.000000 2.000000 2.000000
1.000000 1.000000 1.000000
1.000000
-387.554565 280.922882 133.103455
1.000000 1.000000 1.000000 1.000000
0.000000 0.000000 0.000000
2.000000 2.000000 2.000000
1.000000 1.000000 1.000000
1.000000
226.233765 201.293991 378.215881
1.000000 1.000000 1.000000 1.000000
0.000000 0.000000 0.000000
2.000000 2.000000 2.000000
1.000000 1.000000 1.000000
1.000000
560.777588 224.976349 8.038574
1.000000 1.000000 1.000000 1.000000
0.000000 0.000000 0.000000
2.000000 2.000000 2.000000
1.000000 1.000000 1.000000
1.000000
495.040771 222.168640 121.347717
1.000000 1.000000 1.000000 1.000000
0.000000 0.000000 0.000000
2.000000 2.000000 2.000000
1.000000 1.000000 1.000000
1.000000
-435.932495 368.596466 -167.455078
1.000000 1.000000 1.000000 1.000000
0.000000 0.000000 0.000000
2.000000 2.000000 2.000000
1.000000 1.000000 1.000000
1.000000
310.977539 244.288467 -50.996460
1.000000 1.000000 1.000000 1.000000
0.000000 0.000000 0.000000
2.000000 2.000000 2.000000
1.000000 1.000000 1.000000
1.000000
331.009827 272.377686 -448.933380
1.000000 1.000000 1.000000 1.000000
0.000000 0.000000 0.000000
2.000000 2.000000 2.000000
1.000000 1.000000 1.000000
1.000000
-64.070557 378.948334 573.375732
1.000000 1.000000 1.000000 1.000000
0.000000 0.000000 0.000000
2.000000 2.000000 2.000000
1.000000 1.000000 1.000000
1.000000
25.397522 382.171082 -239.051483
1.000000 1.000000 1.000000 1.000000
0.000000 0.000000 0.000000
2.000000 2.000000 2.000000
1.000000 1.000000 1.000000
1.000000
535.435059 207.300034 140.427856
1.000000 1.000000 1.000000 1.000000
0.000000 0.000000 0.000000
2.000000 2.000000 2.000000
1.000000 1.000000 1.000000
1.000000
-545.323059 228.516495 -441.499054
1.000000 1.000000 1.000000 1.000000
0.000000 0.000000 0.000000
2.000000 2.000000 2.000000
1.000000 1.000000 1.000000
1.000000
363.750122 222.205261 -121.494202
1.000000 1.000000 1.000000 1.000000
0.000000 0.000000 0.000000
2.000000 2.000000 2.000000
1.000000 1.000000 1.000000
1.000000
143.980164 342.973114 -232.056641
1.000000 1.000000 1.000000 1.000000
0.000000 0.000000 0.000000
2.000000 2.000000 2.000000
1.000000 1.000000 1.000000
1.000000
47.663757 319.498291 348.112488
1.000000 1.000000 1.000000 1.000000
0.000000 0.000000 0.000000
2.000000 2.000000 2.000000
1.000000 1.000000 1.000000
1.000000
-5.841248 388.238159 517.490112
1.000000 1.000000 1.000000 1.000000
0.000000 0.000000 0.000000
2.000000 2.000000 2.000000
1.000000 1.000000 1.000000
1.000000
166.685974 320.889923 17.084229
1.000000 1.000000 1.000000 1.000000
0.000000 0.000000 0.000000
2.000000 2.000000 2.000000
1.000000 1.000000 1.000000
1.000000
-163.097015 324.613159 -513.461731
1.000000 1.000000 1.000000 1.000000
0.000000 0.000000 0.000000
2.000000 2.000000 2.000000
1.000000 1.000000 1.000000
1.000000
-21.405701 266.383850 -388.946198
1.000000 1.000000 1.000000 1.000000
0.000000 0.000000 0.000000
2.000000 2.000000 2.000000
1.000000 1.000000 1.000000
1.000000
352.397217 278.859833 -284.719391
1.000000 1.000000 1.000000 1.000000
0.000000 0.000000 0.000000
2.000000 2.000000 2.000000
1.000000 1.000000 1.000000
1.000000
-122.666107 355.253754 -312.002930
1.000000 1.000000 1.000000 1.000000
0.000000 0.000000 0.000000
2.000000 2.000000 2.000000
1.000000 1.000000 1.000000
1.000000
596.301147 309.024323 417.658020
1.000000 1.000000 1.000000 1.000000
0.000000 0.000000 0.000000
2.000000 2.000000 2.000000
1.000000 1.000000 1.000000
1.000000
-77.987000 391.216797 -270.400116
0.000126 0.000126 0.000126 0.000126
0.000000 0.000000 0.000000
2.000000 2.000000 2.000000
1.000000 1.000000 1.000000
1.000000
152.330078 205.249176 -413.263336
1.000000 1.000000 1.000000 1.000000
0.000000 0.000000 0.000000
2.000000 2.000000 2.000000
1.000000 1.000000 1.000000
1.000000
148.741089 231.458481 -420.111694
1.000000 1.000000 1.000000 1.000000
0.000000 0.000000 0.000000
2.000000 2.000000 2.000000
1.000000 1.000000 1.000000
1.000000
205.725281 286.184265 15.253174
1.000000 1.000000 1.000000 1.000000
0.000000 0.000000 0.000000
2.000000 2.000000 2.000000
1.000000 1.000000 1.000000
1.000000
244.178589 393.768127 -484.090698
0.000056 0.000056 0.000056 0.000056
0.000000 0.000000 0.000000
2.000000 2.000000 2.000000
1.000000 1.000000 1.000000
1.000000
530.161377 279.006317 -262.819275
1.000000 1.000000 1.000000 1.000000
0.000000 0.000000 0.000000
2.000000 2.000000 2.000000
1.000000 1.000000 1.000000
1.000000
482.772339 317.532898 364.226196
1.000000 1.000000 1.000000 1.000000
0.000000 0.000000 0.000000
2.000000 2.000000 2.000000
1.000000 1.000000 1.000000
1.000000
-152.330078 385.515930 411.212463
1.000000 1.000000 1.000000 1.000000
0.000000 0.000000 0.000000
2.000000 2.000000 2.000000
1.000000 1.000000 1.000000
1.000000
-22.064880 275.380737 -397.808777
1.000000 1.000000 1.000000 1.000000
0.000000 0.000000 0.000000
2.000000 2.000000 2.000000
1.000000 1.000000 1.000000
1.000000
-461.897644 256.080811 448.420654
1.000000 1.000000 1.000000 1.000000
0.000000 0.000000 0.000000
2.000000 2.000000 2.000000
1.000000 1.000000 1.000000
1.000000
-469.624939 216.431168 524.155396
1.000000 1.000000 1.000000 1.000000
0.000000 0.000000 0.000000
2.000000 2.000000 2.000000
1.000000 1.000000 1.000000
1.000000
-310.538055 390.252380 504.196289
0.000056 0.000056 0.000056 0.000056
0.000000 0.000000 0.000000
2.000000 2.000000 2.000000
1.000000 1.000000 1.000000
1.000000
230.298767 384.075439 531.260132
1.000000 1.000000 1.000000 1.000000
0.000000 0.000000 0.000000
2.000000 2.000000 2.000000
1.000000 1.000000 1.000000
1.000000
-403.265472 235.023041 -434.723969
1.000000 1.000000 1.000000 1.000000
0.000000 0.000000 0.000000
2.000000 2.000000 2.000000
1.000000 1.000000 1.000000
1.000000
352.067627 336.930450 -311.160614
1.000000 1.000000 1.000000 1.000000
0.000000 0.000000 0.000000
2.000000 2.000000 2.000000
1.000000 1.000000 1.000000
1.000000
-323.868530 349.296539 -98.239075
1.000000 1.000000 1.000000 1.000000
0.000000 0.000000 0.000000
2.000000 2.000000 2.000000
1.000000 1.000000 1.000000
1.000000
475.081665 340.641479 -217.554260
1.000000 1.000000 1.000000 1.000000
0.000000 0.000000 0.000000
2.000000 2.000000 2.000000
1.000000 1.000000 1.000000
1.000000
-291.201508 369.927063 360.454102
1.000000 1.000000 1.000000 1.000000
0.000000 0.000000 0.000000
2.000000 2.000000 2.000000
1.000000 1.000000 1.000000
1.000000
245.899841 300.125122 484.237183
1.000000 1.000000 1.000000 1.000000
0.000000 0.000000 0.000000
2.000000 2.000000 2.000000
1.000000 1.000000 1.000000
1.000000
-340.238647 218.176819 -461.934265
1.000000 1.000000 1.000000 1.000000
0.000000 0.000000 0.000000
2.000000 2.000000 2.000000
1.000000 1.000000 1.000000
1.000000
161.375793 208.008057 -206.933807
1.000000 1.000000 1.000000 1.000000
0.000000 0.000000 0.000000
2.000000 2.000000 2.000000
1.000000 1.000000 1.000000
1.000000
-486.727478 312.649902 246.229431
1.000000 1.000000 1.000000 1.000000
0.000000 0.000000 0.000000
2.000000 2.000000 2.000000
1.000000 1.000000 1.000000
1.000000
-17.157532 354.826477 368.108154
1.000000 1.000000 1.000000 1.000000
0.000000 0.000000 0.000000
2.000000 2.000000 2.000000
1.000000 1.000000 1.000000
1.000000
585.753906 341.215271 -199.096649
1.000000 1.000000 1.000000 1.000000
0.000000 0.000000 0.000000
2.000000 2.000000 2.000000
1.000000 1.000000 1.000000
1.000000
-493.832214 386.004211 -497.750793
1.000000 1.000000 1.000000 1.000000
0.000000 0.000000 0.000000
2.000000 2.000000 2.000000
1.000000 1.000000 1.000000
1.000000
-377.959534 210.620438 177.196594
1.000000 1.000000 1.000000 1.000000
0.000000 0.000000 0.000000
2.000000 2.000000 2.000000
1.000000 1.000000 1.000000
1.000000
354.850891 283.095795 517.307007
1.000000 1.000000 1.000000 1.000000
0.000000 0.000000 0.000000
2.000000 2.000000 2.000000
1.000000 1.000000 1.000000
1.000000
59.529358 276.381714 -131.199066
1.000000 1.000000 1.000000 1.000000
0.000000 0.000000 0.000000
2.000000 2.000000 2.000000
1.000000 1.000000 1.000000
1.000000
501.266479 296.780304 338.041321
1.000000 1.000000 1.000000 1.000000
0.000000 0.000000 0.000000
2.000000 2.000000 2.000000
1.000000 1.000000 1.000000
1.000000
-468.782623 274.880219 560.338135
1.000000 1.000000 1.000000 1.000000
0.000000 0.000000 0.000000
2.000000 2.000000 2.000000
1.000000 1.000000 1.000000
1.000000
38.764648 362.395081 184.960510
1.000000 1.000000 1.000000 1.000000
0.000000 0.000000 0.000000
2.000000 2.000000 2.000000
1.000000 1.000000 1.000000
1.000000
