1
0.000000 0.000000 0.000000
100.000000 100.000000 100.000000
3
0
1.500000
1 1
1
0
0.583089
1
1
0
1
../../data/Texture/Dust_Gray.dds
../../data/Shader/EffectShader.hlsl
51.406281 50.414597 50.000000
1.000000 1.000000 1.000000 1.000000
1.000000 0.500000 1.000000
0.539570 0.466756 0.407697
2.411786 1.422010 1.034059
1.000000
51.140110 50.772026 50.000000
1.000000 1.000000 1.000000 1.000000
1.000000 0.500000 1.000000
0.539909 0.480123 0.478570
1.955290 2.648000 2.756951
1.000000
51.140110 50.772026 50.000000
1.000000 1.000000 1.000000 1.000000
1.000000 0.500000 1.000000
0.539909 0.480123 0.478570
1.955290 2.648000 2.756951
1.000000