1
-0.500000 -0.500000 -0.500000
0.500000 0.500000 0.500000
5
1
1
-1.000000
1 1
0
1
15.928403
1
1
1
0
1
../../data/Texture/banjjak3.DDS
../../data/Shader/EffectShader.hlsl
1.823566 1.432510 2.622221
-0.215888 -1.362774 0.341136
1.000000 1.000000 1.000000 1.000000
0.000000 1.000000 0.000000
0.300000 0.300000 0.300000
2.861812 2.928221 2.271340
1.682028
-2.204633 -1.283173 -0.479102
-1.797113 -1.648061 0.057802
1.000000 1.000000 1.000000 1.000000
0.000000 1.000000 0.000000
0.300000 0.300000 0.300000
2.413404 2.370678 2.450057
1.576861
0.686229 2.775209 0.884169
1.154515 -0.868007 0.322092
1.000000 1.000000 1.000000 1.000000
0.000000 1.000000 0.000000
0.300000 0.300000 0.300000
2.871822 1.478164 2.526475
1.387158
-1.407774 1.089902 -2.456009
-0.624592 -0.327830 -1.769036
1.000000 1.000000 1.000000 1.000000
0.000000 1.000000 0.000000
0.300000 0.300000 0.300000
1.846217 2.268227 1.007935
1.358562
-1.684206 0.155862 1.407437
-1.755486 -0.036927 1.127415
1.000000 1.000000 1.000000 1.000000
0.000000 1.000000 0.000000
0.300000 0.300000 0.300000
2.780938 3.274361 2.590381
1.889004
