1
-128.000000 0.000000 0.000000
0.000000 128.000000 128.000000
25
0
120.000000
1 1
0
1
1.128931
1
1
1
0
1
../../data/Texture/snow.jpg
../../data/Shader/EffectShader.hlsl
-10.796696 26.735323 15.370574
-5.311631 38.554527 7.561830
1.000000 1.000000 1.000000 1.000000
-1.000000 -1.000000 1.000000
20.000000 20.000000 20.000000
9.563646 20.607714 13.615161
1.000000
-24.762888 41.940369 1.808832
-12.182548 46.034912 0.889888
1.000000 1.000000 1.000000 1.000000
-1.000000 -1.000000 1.000000
20.000000 20.000000 20.000000
21.934813 7.139164 1.602252
1.000000
-25.165995 11.504721 14.374910
-12.380868 31.061550 7.071999
1.000000 1.000000 1.000000 1.000000
-1.000000 -1.000000 1.000000
20.000000 20.000000 20.000000
22.291880 34.098881 12.733207
1.000000
-6.259095 48.817333 16.510014
-3.079275 49.418167 8.122401
1.000000 1.000000 1.000000 1.000000
-1.000000 -1.000000 1.000000
20.000000 20.000000 20.000000
5.544267 1.047609 14.624470
1.000000
-1.163866 24.718456 13.711132
-0.572585 37.562286 6.745442
1.000000 1.000000 1.000000 1.000000
-1.000000 -1.000000 1.000000
20.000000 20.000000 20.000000
1.030946 22.394238 12.145238
1.000000
-41.527958 45.507847 34.840466
-20.430435 47.790005 17.140398
1.000000 1.000000 1.000000 1.000000
-1.000000 -1.000000 1.000000
20.000000 20.000000 20.000000
36.785210 3.979125 30.861477
1.000000
-18.018970 39.680313 36.618168
-8.864759 44.923038 18.014973
1.000000 1.000000 1.000000 1.000000
-1.000000 -1.000000 1.000000
20.000000 20.000000 20.000000
15.961089 9.141118 32.436142
1.000000
-39.613228 14.748346 20.848753
-19.488449 32.657303 10.256922
1.000000 1.000000 1.000000 1.000000
-1.000000 -1.000000 1.000000
20.000000 20.000000 20.000000
35.089146 31.225685 18.467697
1.000000
-29.492634 25.153799 41.420460
-14.509437 37.776459 20.377544
1.000000 1.000000 1.000000 1.000000
-1.000000 -1.000000 1.000000
20.000000 20.000000 20.000000
26.124393 22.008606 36.689995
1.000000
-29.460381 21.885998 12.129623
-14.493568 36.168816 5.967389
1.000000 1.000000 1.000000 1.000000
-1.000000 -1.000000 1.000000
20.000000 20.000000 20.000000
26.095827 24.903227 10.744347
1.000000
-26.236900 6.881125 32.557560
-12.907719 28.786888 16.017281
1.000000 1.000000 1.000000 1.000000
-1.000000 -1.000000 1.000000
20.000000 20.000000 20.000000
23.240486 38.194431 28.839289
1.000000
-38.923904 33.578682 7.518122
-19.149323 41.921246 3.698676
1.000000 1.000000 1.000000 1.000000
-1.000000 -1.000000 1.000000
20.000000 20.000000 20.000000
34.478561 14.545916 6.659505
1.000000
-42.597542 16.250599 35.395409
-20.956629 33.396374 17.413410
1.000000 1.000000 1.000000 1.000000
-1.000000 -1.000000 1.000000
20.000000 20.000000 20.000000
37.732628 29.895016 31.353037
1.000000
-6.331652 44.080856 36.634281
-3.114971 47.087963 18.022900
1.000000 1.000000 1.000000 1.000000
-1.000000 -1.000000 1.000000
20.000000 20.000000 20.000000
5.608539 5.243141 32.450424
1.000000
-20.515522 7.371562 2.246871
-10.092981 29.028168 1.105389
1.000000 1.000000 1.000000 1.000000
-1.000000 -1.000000 1.000000
20.000000 20.000000 20.000000
18.172522 37.760002 1.990265
1.000000
-9.833276 20.802998 10.059015
-4.837660 35.636021 4.948715
1.000000 1.000000 1.000000 1.000000
-1.000000 -1.000000 1.000000
20.000000 20.000000 20.000000
8.710258 25.862543 8.910214
1.000000
-29.702248 15.379880 15.752177
-14.612557 32.968002 7.749571
1.000000 1.000000 1.000000 1.000000
-1.000000 -1.000000 1.000000
20.000000 20.000000 20.000000
26.310068 30.666279 13.953184
1.000000
-29.047878 42.092224 43.132305
-14.290627 46.109638 21.219723
1.000000 1.000000 1.000000 1.000000
-1.000000 -1.000000 1.000000
20.000000 20.000000 20.000000
25.730431 7.004669 38.206333
1.000000
-4.515001 30.254402 8.950481
-2.221237 40.285797 4.403352
1.000000 1.000000 1.000000 1.000000
-1.000000 -1.000000 1.000000
20.000000 20.000000 20.000000
3.999359 17.490524 7.928282
1.000000
-34.900951 15.584097 18.498657
-17.170153 33.068459 9.100749
1.000000 1.000000 1.000000 1.000000
-1.000000 -1.000000 1.000000
20.000000 20.000000 20.000000
30.915037 30.485367 16.385998
1.000000
-19.048222 18.403172 37.745514
-9.371119 34.455368 18.569590
1.000000 1.000000 1.000000 1.000000
-1.000000 -1.000000 1.000000
20.000000 20.000000 20.000000
16.872799 27.988279 33.434738
1.000000
-4.806578 20.652485 23.076572
-2.364683 35.561958 11.352939
1.000000 1.000000 1.000000 1.000000
-1.000000 -1.000000 1.000000
20.000000 20.000000 20.000000
4.257637 25.995850 20.441084
1.000000
-11.327450 40.843929 13.638575
-5.572744 45.495499 6.709743
1.000000 1.000000 1.000000 1.000000
-1.000000 -1.000000 1.000000
20.000000 20.000000 20.000000
10.033784 8.110386 12.080966
1.000000
-44.234138 47.432003 28.480852
-21.761784 48.736629 14.011669
1.000000 1.000000 1.000000 1.000000
-1.000000 -1.000000 1.000000
20.000000 20.000000 20.000000
39.182316 2.274728 25.228157
1.000000
-24.350376 5.678536 15.822055
-11.979609 28.195255 7.783946
1.000000 1.000000 1.000000 1.000000
-1.000000 -1.000000 1.000000
20.000000 20.000000 20.000000
21.569414 39.259682 14.015077
1.000000
