1
-128.000000 0.000000 0.000000
0.000000 128.000000 128.000000
25
0
120.000000
1 1
0
1
1.128931
1
1
1
0
1
../../data/Texture/snow.jpg
../../data/Shader/EffectShader.hlsl
-117.579575 46.690289 35.075619
-122.873489 48.371731 17.256086
1.000000 1.000000 1.000000 1.000000
1.000000 -1.000000 1.000000
20.000000 20.000000 20.000000
9.230384 2.931730 31.069765
1.000000
-125.741074 24.780262 11.975102
-126.888680 37.592686 5.891368
1.000000 1.000000 1.000000 1.000000
1.000000 -1.000000 1.000000
20.000000 20.000000 20.000000
2.000977 22.339487 10.607471
1.000000
-110.026711 25.202177 7.464375
-119.157707 37.800259 3.672234
1.000000 1.000000 1.000000 1.000000
1.000000 -1.000000 1.000000
20.000000 20.000000 20.000000
15.920622 21.965757 6.611897
1.000000
-125.930511 11.571879 21.226330
-126.981888 31.094578 10.442677
1.000000 1.000000 1.000000 1.000000
1.000000 -1.000000 1.000000
20.000000 20.000000 20.000000
1.833155 34.039368 18.802149
1.000000
-94.298958 42.027721 19.204096
-111.420166 46.077888 9.447803
1.000000 1.000000 1.000000 1.000000
1.000000 -1.000000 1.000000
20.000000 20.000000 20.000000
29.852169 7.061800 17.010864
1.000000
-119.847679 32.144955 17.023300
-123.989311 41.215878 8.374921
1.000000 1.000000 1.000000 1.000000
1.000000 -1.000000 1.000000
20.000000 20.000000 20.000000
7.221290 15.815882 15.079135
1.000000
-112.998940 27.071230 16.981649
-120.619965 38.719776 8.354430
1.000000 1.000000 1.000000 1.000000
1.000000 -1.000000 1.000000
20.000000 20.000000 20.000000
13.287851 20.310160 15.042238
1.000000
-96.120956 24.506157 17.621239
-112.316521 37.457844 8.669086
1.000000 1.000000 1.000000 1.000000
1.000000 -1.000000 1.000000
20.000000 20.000000 20.000000
28.238228 22.582293 15.608784
1.000000
-117.650726 32.518505 21.335167
-122.908455 41.399666 10.496220
1.000000 1.000000 1.000000 1.000000
1.000000 -1.000000 1.000000
20.000000 20.000000 20.000000
9.167302 15.485000 18.898556
1.000000
-110.869217 42.039795 44.971809
-119.572197 46.083824 22.124693
1.000000 1.000000 1.000000 1.000000
1.000000 -1.000000 1.000000
20.000000 20.000000 20.000000
15.174352 7.051088 39.835751
1.000000
-90.477539 39.568798 21.120176
-109.540138 44.868183 10.390452
1.000000 1.000000 1.000000 1.000000
1.000000 -1.000000 1.000000
20.000000 20.000000 20.000000
33.237160 9.239906 18.708120
1.000000
-107.800240 17.934216 40.633072
-118.062370 34.224651 19.990173
1.000000 1.000000 1.000000 1.000000
1.000000 -1.000000 1.000000
20.000000 20.000000 20.000000
17.892820 28.403669 35.992523
1.000000
-105.687965 36.224369 32.174622
-117.023186 43.222832 15.828885
1.000000 1.000000 1.000000 1.000000
1.000000 -1.000000 1.000000
20.000000 20.000000 20.000000
19.763847 12.202368 28.500076
1.000000
-112.524658 28.169024 8.877926
-120.386635 39.259857 4.367656
1.000000 1.000000 1.000000 1.000000
1.000000 -1.000000 1.000000
20.000000 20.000000 20.000000
13.707999 19.337748 7.864009
1.000000
-106.998055 47.925117 19.650194
-117.667694 48.979218 9.667270
1.000000 1.000000 1.000000 1.000000
1.000000 -1.000000 1.000000
20.000000 20.000000 20.000000
18.603382 1.837916 17.406019
1.000000
-126.036613 34.237080 14.342662
-127.034065 42.245144 7.056133
1.000000 1.000000 1.000000 1.000000
1.000000 -1.000000 1.000000
20.000000 20.000000 20.000000
1.739128 13.962706 12.704641
1.000000
-93.023804 11.605497 25.429356
-110.792831 31.111130 12.510432
1.000000 1.000000 1.000000 1.000000
1.000000 -1.000000 1.000000
20.000000 20.000000 20.000000
30.981689 34.009613 22.525164
1.000000
-97.194626 24.687542 28.730774
-112.844757 37.547077 14.134624
1.000000 1.000000 1.000000 1.000000
1.000000 -1.000000 1.000000
20.000000 20.000000 20.000000
27.287239 22.421612 25.449537
1.000000
-85.991013 27.881472 44.150822
-107.332916 39.118393 21.720800
1.000000 1.000000 1.000000 1.000000
1.000000 -1.000000 1.000000
20.000000 20.000000 20.000000
37.211308 19.592455 39.108524
1.000000
-94.281517 20.148615 31.492031
-111.411591 35.314079 15.493073
1.000000 1.000000 1.000000 1.000000
1.000000 -1.000000 1.000000
20.000000 20.000000 20.000000
29.867641 26.442183 27.895443
1.000000
-109.501343 24.539768 40.994534
-118.899246 37.474388 20.167999
1.000000 1.000000 1.000000 1.000000
1.000000 -1.000000 1.000000
20.000000 20.000000 20.000000
16.385998 22.552538 36.312695
1.000000
-118.317223 13.844065 17.915503
-123.236389 32.212433 8.813855
1.000000 1.000000 1.000000 1.000000
1.000000 -1.000000 1.000000
20.000000 20.000000 20.000000
8.576952 32.026703 15.869441
1.000000
-109.940735 45.595207 13.359089
-119.115440 47.832989 6.572246
1.000000 1.000000 1.000000 1.000000
1.000000 -1.000000 1.000000
20.000000 20.000000 20.000000
15.996796 3.901761 11.833399
1.000000
-123.794022 29.632282 15.666183
-125.930786 39.979729 7.707263
1.000000 1.000000 1.000000 1.000000
1.000000 -1.000000 1.000000
20.000000 20.000000 20.000000
3.725608 18.041595 13.877010
1.000000
-123.436630 26.916731 21.262606
-125.754967 38.643776 10.460523
1.000000 1.000000 1.000000 1.000000
1.000000 -1.000000 1.000000
20.000000 20.000000 20.000000
4.042207 20.447035 18.834284
1.000000
