1
-128.000000 0.000000 0.000000
0.000000 128.000000 128.000000
25
0
120.000000
1 1
0
1
1.128931
1
1
1
0
1
../../data/Texture/snow.jpg
../../data/Shader/EffectShader.hlsl
-103.884811 4.893830 83.197487
-116.136116 27.809204 105.958588
1.000000 1.000000 1.000000 1.000000
1.000000 -1.000000 -1.000000
20.000000 20.000000 20.000000
21.361124 39.954769 39.685783
1.000000
-102.747993 45.577709 89.393227
-115.576820 47.824368 109.006714
1.000000 1.000000 1.000000 1.000000
1.000000 -1.000000 -1.000000
20.000000 20.000000 20.000000
22.368053 3.917234 34.197670
1.000000
-108.705894 18.544262 88.721367
-118.507927 34.524788 108.676193
1.000000 1.000000 1.000000 1.000000
1.000000 -1.000000 -1.000000
20.000000 20.000000 20.000000
17.090609 27.863308 34.792782
1.000000
-96.646378 17.419594 100.706978
-112.575027 33.971485 114.572716
1.000000 1.000000 1.000000 1.000000
1.000000 -1.000000 -1.000000
20.000000 20.000000 20.000000
27.772850 28.859524 24.175999
1.000000
-99.482895 10.656866 114.099388
-113.970497 30.644436 121.161324
1.000000 1.000000 1.000000 1.000000
1.000000 -1.000000 -1.000000
20.000000 20.000000 20.000000
25.260292 34.849911 12.313059
1.000000
-88.432495 20.104258 107.707520
-108.534050 35.292244 118.016754
1.000000 1.000000 1.000000 1.000000
1.000000 -1.000000 -1.000000
20.000000 20.000000 20.000000
35.048676 26.481461 17.974945
1.000000
-119.519798 43.012638 102.633827
-123.827995 46.562447 115.520653
1.000000 1.000000 1.000000 1.000000
1.000000 -1.000000 -1.000000
20.000000 20.000000 20.000000
7.511704 6.189368 22.469223
1.000000
-86.631950 21.118738 111.860825
-107.648239 35.791344 120.060028
1.000000 1.000000 1.000000 1.000000
1.000000 -1.000000 -1.000000
20.000000 20.000000 20.000000
36.643574 25.582844 14.295968
1.000000
-98.346107 29.356813 111.399986
-113.411232 39.844200 119.833328
1.000000 1.000000 1.000000 1.000000
1.000000 -1.000000 -1.000000
20.000000 20.000000 20.000000
26.267221 18.285593 14.704215
1.000000
-102.836723 39.779755 126.213989
-115.620483 44.971962 127.121346
1.000000 1.000000 1.000000 1.000000
1.000000 -1.000000 -1.000000
20.000000 20.000000 20.000000
22.289497 9.053041 1.582018
1.000000
-116.833778 13.086220 86.888542
-122.506561 31.839594 107.774483
1.000000 1.000000 1.000000 1.000000
1.000000 -1.000000 -1.000000
20.000000 20.000000 20.000000
9.890958 32.697990 36.416241
1.000000
-115.420227 21.102631 92.286156
-121.811142 35.783424 110.429939
1.000000 1.000000 1.000000 1.000000
1.000000 -1.000000 -1.000000
20.000000 20.000000 20.000000
11.143070 25.597126 31.635120
1.000000
-103.285492 37.906643 117.085075
-115.841270 44.050449 122.630219
1.000000 1.000000 1.000000 1.000000
1.000000 -1.000000 -1.000000
20.000000 20.000000 20.000000
21.891964 10.712211 9.668386
1.000000
-125.179375 12.469482 93.675499
-126.612320 31.536180 111.113441
1.000000 1.000000 1.000000 1.000000
1.000000 -1.000000 -1.000000
20.000000 20.000000 20.000000
2.498489 33.244301 30.404430
1.000000
-120.651253 6.293944 92.760414
-124.384689 28.498016 110.663246
1.000000 1.000000 1.000000 1.000000
1.000000 -1.000000 -1.000000
20.000000 20.000000 20.000000
6.509537 38.714561 31.214973
1.000000
-97.249672 10.822146 126.814644
-112.871819 30.725750 127.416855
1.000000 1.000000 1.000000 1.000000
1.000000 -1.000000 -1.000000
20.000000 20.000000 20.000000
27.238440 34.703510 1.049989
1.000000
-92.671799 30.881926 110.268562
-110.619667 40.594521 119.276695
1.000000 1.000000 1.000000 1.000000
1.000000 -1.000000 -1.000000
20.000000 20.000000 20.000000
31.293528 16.934689 15.706381
1.000000
-110.971352 7.934579 122.633110
-119.622459 29.305159 125.359650
1.000000 1.000000 1.000000 1.000000
1.000000 -1.000000 -1.000000
20.000000 20.000000 20.000000
15.083896 37.261299 4.753960
1.000000
-92.431244 12.700592 89.570572
-110.501312 31.649881 109.093941
1.000000 1.000000 1.000000 1.000000
1.000000 -1.000000 -1.000000
20.000000 20.000000 20.000000
31.506577 33.039585 34.040558
1.000000
-92.236404 20.295071 117.817368
-110.405449 35.386124 122.990463
1.000000 1.000000 1.000000 1.000000
1.000000 -1.000000 -1.000000
20.000000 20.000000 20.000000
31.679159 26.312449 9.019715
1.000000
-104.942268 16.200880 98.522148
-116.656334 33.371910 113.497856
1.000000 1.000000 1.000000 1.000000
1.000000 -1.000000 -1.000000
20.000000 20.000000 20.000000
20.424421 29.939054 26.111301
1.000000
-104.742035 16.613379 109.332039
-116.557823 33.574844 118.815948
1.000000 1.000000 1.000000 1.000000
1.000000 -1.000000 -1.000000
20.000000 20.000000 20.000000
20.601763 29.573656 16.535965
1.000000
-100.209785 35.807835 94.332596
-114.328102 43.017910 111.436729
1.000000 1.000000 1.000000 1.000000
1.000000 -1.000000 -1.000000
20.000000 20.000000 20.000000
24.616383 12.571337 29.822412
1.000000
-91.586060 28.093784 87.895012
-110.085503 39.222847 108.269638
1.000000 1.000000 1.000000 1.000000
1.000000 -1.000000 -1.000000
20.000000 20.000000 20.000000
32.255226 19.404400 35.524765
1.000000
-88.401566 30.337730 85.288277
-108.518822 40.326797 106.987206
1.000000 1.000000 1.000000 1.000000
1.000000 -1.000000 -1.000000
20.000000 20.000000 20.000000
35.076050 17.416731 37.833797
1.000000
