1
-128.000000 0.000000 0.000000
0.000000 128.000000 128.000000
25
0
120.000000
1 1
0
1
1.128931
1
1
1
0
1
../../data/Texture/snow.jpg
../../data/Shader/EffectShader.hlsl
-26.889935 23.838329 95.762260
-13.228989 37.129284 112.140076
1.000000 1.000000 1.000000 1.000000
-1.000000 -1.000000 -1.000000
20.000000 20.000000 20.000000
23.818935 23.173834 28.556017
1.000000
-17.649452 40.262142 100.180237
-8.682968 45.209290 114.313560
1.000000 1.000000 1.000000 1.000000
-1.000000 -1.000000 -1.000000
20.000000 20.000000 20.000000
15.633778 8.625751 24.642567
1.000000
-25.973545 8.989346 92.704041
-12.778153 29.824062 110.635513
1.000000 1.000000 1.000000 1.000000
-1.000000 -1.000000 -1.000000
20.000000 20.000000 20.000000
23.007202 36.326977 31.264961
1.000000
-42.878361 13.697603 91.115768
-21.094784 32.140377 109.854118
1.000000 1.000000 1.000000 1.000000
-1.000000 -1.000000 -1.000000
20.000000 20.000000 20.000000
37.981384 32.156437 32.671806
1.000000
-28.866478 40.192253 92.961983
-14.201389 45.174900 110.762405
1.000000 1.000000 1.000000 1.000000
-1.000000 -1.000000 -1.000000
20.000000 20.000000 20.000000
25.569752 8.687643 31.036438
1.000000
-37.457954 11.741218 104.243492
-18.428122 31.177904 116.312538
1.000000 1.000000 1.000000 1.000000
-1.000000 -1.000000 -1.000000
20.000000 20.000000 20.000000
33.180027 33.889400 21.043337
1.000000
-28.370657 18.463644 94.766548
-13.957458 34.485123 111.650192
1.000000 1.000000 1.000000 1.000000
-1.000000 -1.000000 -1.000000
20.000000 20.000000 20.000000
25.130558 27.934721 29.437971
1.000000
-44.399406 10.197325 109.412659
-21.843088 30.418354 118.855629
1.000000 1.000000 1.000000 1.000000
-1.000000 -1.000000 -1.000000
20.000000 20.000000 20.000000
39.328716 35.256966 16.464554
1.000000
-27.548328 37.731976 103.409119
-13.552901 43.964523 115.902069
1.000000 1.000000 1.000000 1.000000
-1.000000 -1.000000 -1.000000
20.000000 20.000000 20.000000
24.402142 10.866940 21.782465
1.000000
-42.985859 20.657862 96.897667
-21.147671 35.564606 112.698662
1.000000 1.000000 1.000000 1.000000
-1.000000 -1.000000 -1.000000
20.000000 20.000000 20.000000
38.076603 25.991089 27.550280
1.000000
-23.591200 36.925777 102.116501
-11.606120 43.567898 115.266136
1.000000 1.000000 1.000000 1.000000
-1.000000 -1.000000 -1.000000
20.000000 20.000000 20.000000
20.896938 11.581073 22.927458
1.000000
-8.607844 10.303461 117.949066
-4.234786 30.470564 123.055267
1.000000 1.000000 1.000000 1.000000
-1.000000 -1.000000 -1.000000
20.000000 20.000000 20.000000
7.624775 35.162937 8.903073
1.000000
-31.575338 17.078300 120.309875
-15.534056 33.803577 124.216705
1.000000 1.000000 1.000000 1.000000
-1.000000 -1.000000 -1.000000
20.000000 20.000000 20.000000
27.969236 29.161840 6.811853
1.000000
-45.001358 21.478827 102.355659
-22.139240 35.968483 115.383804
1.000000 1.000000 1.000000 1.000000
-1.000000 -1.000000 -1.000000
20.000000 20.000000 20.000000
39.861935 25.263865 22.715597
1.000000
-23.756474 22.533621 82.845459
-11.687428 36.487408 105.785431
1.000000 1.000000 1.000000 1.000000
-1.000000 -1.000000 -1.000000
20.000000 20.000000 20.000000
21.043337 24.329538 39.997620
1.000000
-37.788509 46.859573 103.747726
-18.590744 48.455013 116.068657
1.000000 1.000000 1.000000 1.000000
-1.000000 -1.000000 -1.000000
20.000000 20.000000 20.000000
33.472824 2.781762 21.482529
1.000000
-12.444047 24.606928 87.568489
-6.122074 37.507416 108.109001
1.000000 1.000000 1.000000 1.000000
-1.000000 -1.000000 -1.000000
20.000000 20.000000 20.000000
11.022859 22.493027 35.813988
1.000000
-37.122047 7.780051 126.635918
-18.262861 29.229134 127.328918
1.000000 1.000000 1.000000 1.000000
-1.000000 -1.000000 -1.000000
20.000000 20.000000 20.000000
32.882477 37.398174 1.208289
1.000000
-38.750584 43.110718 122.475899
-19.064054 46.610695 125.282333
1.000000 1.000000 1.000000 1.000000
-1.000000 -1.000000 -1.000000
20.000000 20.000000 20.000000
34.325020 6.102481 4.893216
1.000000
-4.001715 15.307318 110.069710
-1.968716 32.932297 119.178871
1.000000 1.000000 1.000000 1.000000
-1.000000 -1.000000 -1.000000
20.000000 20.000000 20.000000
3.544694 30.730551 15.882535
1.000000
-4.435723 48.158928 112.493759
-2.182234 49.094246 120.371422
1.000000 1.000000 1.000000 1.000000
-1.000000 -1.000000 -1.000000
20.000000 20.000000 20.000000
3.929136 1.630818 13.735373
1.000000
-11.260266 48.595631 110.588409
-5.539692 49.309105 119.434067
1.000000 1.000000 1.000000 1.000000
-1.000000 -1.000000 -1.000000
20.000000 20.000000 20.000000
9.974273 1.243995 15.423109
1.000000
-16.745159 16.006039 101.572296
-8.238086 33.276054 114.998405
1.000000 1.000000 1.000000 1.000000
-1.000000 -1.000000 -1.000000
20.000000 20.000000 20.000000
14.832758 30.111637 23.409496
1.000000
-37.539940 43.818840 107.524780
-18.468447 46.959072 117.926819
1.000000 1.000000 1.000000 1.000000
-1.000000 -1.000000 -1.000000
20.000000 20.000000 20.000000
33.252632 5.475234 18.136814
1.000000
-42.264297 34.787968 109.490631
-20.792686 42.516159 118.893982
1.000000 1.000000 1.000000 1.000000
-1.000000 -1.000000 -1.000000
20.000000 20.000000 20.000000
37.437450 13.474716 16.395519
1.000000
