1
0
0.000000 0.000000 0.000000
100.000000 100.000000 100.000000
10
0
0
1
10.000000
0
1.000000
0
100.000000
1
10
1 1
1
0
0.528154
1
../../data/Texture/Dust_Gray.dds
../../data/Shader/EffectShader.hlsl
51.856384 50.748547 50.000000
1.000000 1.000000 1.000000 1.000000
1.000000 0.300000 0.000000
2.118168 2.572466 6.068972
3.514847 4.724204 7.813929
1.000000
53.656075 50.479416 50.000000
1.000000 1.000000 1.000000 1.000000
1.000000 0.300000 0.000000
3.171239 5.897855 2.538682
6.922361 3.025666 3.867519
1.000000
55.054501 50.628315 50.000000
1.000000 1.000000 1.000000 1.000000
1.000000 0.300000 0.000000
6.789971 7.032228 7.285745
9.570147 3.965575 1.504288
1.000000
55.096737 50.552647 50.000000
1.000000 1.000000 1.000000 1.000000
1.000000 0.300000 0.000000
2.466720 3.768639 3.886196
9.650075 3.487930 4.316874
1.000000
51.816334 50.989536 50.000000
1.000000 1.000000 1.000000 1.000000
1.000000 0.300000 0.000000
6.623524 3.347301 3.125919
3.439039 6.245307 7.804315
1.000000
53.526123 51.157467 50.000000
1.000000 1.000000 1.000000 1.000000
1.000000 0.300000 0.000000
7.427198 4.041108 7.409345
6.676260 7.304972 1.194189
1.000000
53.341888 51.390724 50.000000
1.000000 1.000000 1.000000 1.000000
1.000000 0.300000 0.000000
4.428114 7.478836 2.137394
6.327433 8.777184 5.715476
1.000000
53.249905 50.656918 50.000000
1.000000 1.000000 1.000000 1.000000
1.000000 0.300000 0.000000
7.045961 1.277139 5.456465
6.153295 4.146306 5.981353
1.000000
51.869751 51.225174 50.000000
1.000000 1.000000 1.000000 1.000000
1.000000 0.300000 0.000000
1.005768 1.203803 7.878475
3.540117 7.732627 5.922575
1.000000
52.456089 50.926548 50.000000
1.000000 1.000000 1.000000 1.000000
1.000000 0.300000 0.000000
7.514267 8.517076 8.146276
4.650319 5.847865 3.668111
1.000000
