*SCENESIZE
3
*SCENE
../../Data/UITexture/TEX2D_TITLE_BACKGROUND.png
*PANEL
450.00000000	225.00000000	150.00000000
../../Data/UITexture/TEX2D_EXIT_BACKGROUND.png
*BUTTON
*TEXTURENAME
../../Data/UITexture/TEX2D_WINDOW_YES_INIT.png
../../Data/UITexture/TEX2D_WINDOW_YES_NEAR.png
../../Data/UITexture/TEX2D_WINDOW_YES_CLICK.png
*TEND
*VERTEX
-1.00000000	1.00000000	0.00000000
1.00000000	1.00000000	0.00000000
1.00000000	-1.00000000	0.00000000
-1.00000000	-1.00000000	0.00000000
*MATWORLD
60.00000000	0.00000000	0.00000000	0.00000000
0.00000000	25.00000000	0.00000000	0.00000000
0.00000000	0.00000000	150.00000000	0.00000000
-192.00000000	-120.00000000	0.00000000	1.00000000
*END
*BUTTON
*TEXTURENAME
../../Data/UITexture/TEX2D_WINDOW_NO_INIT.png
../../Data/UITexture/TEX2D_WINDOW_NO_NEAR.png
../../Data/UITexture/TEX2D_WINDOW_NO_CLICK.png
*TEND
*VERTEX
-1.00000000	1.00000000	0.00000000
1.00000000	1.00000000	0.00000000
1.00000000	-1.00000000	0.00000000
-1.00000000	-1.00000000	0.00000000
*MATWORLD
45.00000000	0.00000000	0.00000000	0.00000000
0.00000000	24.00000000	0.00000000	0.00000000
0.00000000	0.00000000	150.00000000	0.00000000
211.00000000	-119.00000000	0.00000000	1.00000000
*END
*PEND
*PANEL
450.00000000	225.00000000	150.00000000
../../Data/UITexture/TEX2D_EXIT_BACKGROUND.png
*BUTTON
*TEXTURENAME
../../Data/UITexture/TEX2D_WINDOW_YES_INIT.png
../../Data/UITexture/TEX2D_WINDOW_YES_NEAR.png
../../Data/UITexture/TEX2D_WINDOW_YES_CLICK.png
*TEND
*VERTEX
-1.00000000	1.00000000	0.00000000
1.00000000	1.00000000	0.00000000
1.00000000	-1.00000000	0.00000000
-1.00000000	-1.00000000	0.00000000
*MATWORLD
60.00000000	0.00000000	0.00000000	0.00000000
0.00000000	25.00000000	0.00000000	0.00000000
0.00000000	0.00000000	150.00000000	0.00000000
-201.00000000	-102.00000000	0.00000000	1.00000000
*END
*BUTTON
*TEXTURENAME
../../Data/UITexture/TEX2D_WINDOW_NO_INIT.png
../../Data/UITexture/TEX2D_WINDOW_NO_NEAR.png
../../Data/UITexture/TEX2D_WINDOW_NO_CLICK.png
*TEND
*VERTEX
-1.00000000	1.00000000	0.00000000
1.00000000	1.00000000	0.00000000
1.00000000	-1.00000000	0.00000000
-1.00000000	-1.00000000	0.00000000
*MATWORLD
45.00000000	0.00000000	0.00000000	0.00000000
0.00000000	24.00000000	0.00000000	0.00000000
0.00000000	0.00000000	150.00000000	0.00000000
220.00000000	-101.00000000	0.00000000	1.00000000
*END
*PEND
*PANEL
450.00000000	225.00000000	150.00000000
../../Data/UITexture/TEX2D_EXIT_BACKGROUND.png
*BUTTON
*TEXTURENAME
../../Data/UITexture/TEX2D_WINDOW_YES_INIT.png
../../Data/UITexture/TEX2D_WINDOW_YES_NEAR.png
../../Data/UITexture/TEX2D_WINDOW_YES_CLICK.png
*TEND
*VERTEX
-1.00000000	1.00000000	0.00000000
1.00000000	1.00000000	0.00000000
1.00000000	-1.00000000	0.00000000
-1.00000000	-1.00000000	0.00000000
*MATWORLD
60.00000000	0.00000000	0.00000000	0.00000000
0.00000000	25.00000000	0.00000000	0.00000000
0.00000000	0.00000000	150.00000000	0.00000000
-204.00000000	-96.00000000	0.00000000	1.00000000
*END
*BUTTON
*TEXTURENAME
../../Data/UITexture/TEX2D_WINDOW_NO_INIT.png
../../Data/UITexture/TEX2D_WINDOW_NO_NEAR.png
../../Data/UITexture/TEX2D_WINDOW_NO_CLICK.png
*TEND
*VERTEX
-1.00000000	1.00000000	0.00000000
1.00000000	1.00000000	0.00000000
1.00000000	-1.00000000	0.00000000
-1.00000000	-1.00000000	0.00000000
*MATWORLD
45.00000000	0.00000000	0.00000000	0.00000000
0.00000000	24.00000000	0.00000000	0.00000000
0.00000000	0.00000000	150.00000000	0.00000000
222.00000000	-84.00000000	0.00000000	1.00000000
*END
*PEND
*PANEL
450.00000000	225.00000000	150.00000000
../../Data/UITexture/TEX2D_EXIT_BACKGROUND.png
*BUTTON
*TEXTURENAME
../../Data/UITexture/TEX2D_WINDOW_YES_INIT.png
../../Data/UITexture/TEX2D_WINDOW_YES_NEAR.png
../../Data/UITexture/TEX2D_WINDOW_YES_CLICK.png
*TEND
*VERTEX
-1.00000000	1.00000000	0.00000000
1.00000000	1.00000000	0.00000000
1.00000000	-1.00000000	0.00000000
-1.00000000	-1.00000000	0.00000000
*MATWORLD
60.00000000	0.00000000	0.00000000	0.00000000
0.00000000	25.00000000	0.00000000	0.00000000
0.00000000	0.00000000	150.00000000	0.00000000
-159.00000000	-101.00000000	0.00000000	1.00000000
*END
*BUTTON
*TEXTURENAME
../../Data/UITexture/TEX2D_WINDOW_NO_INIT.png
../../Data/UITexture/TEX2D_WINDOW_NO_NEAR.png
../../Data/UITexture/TEX2D_WINDOW_NO_CLICK.png
*TEND
*VERTEX
-1.00000000	1.00000000	0.00000000
1.00000000	1.00000000	0.00000000
1.00000000	-1.00000000	0.00000000
-1.00000000	-1.00000000	0.00000000
*MATWORLD
45.00000000	0.00000000	0.00000000	0.00000000
0.00000000	24.00000000	0.00000000	0.00000000
0.00000000	0.00000000	150.00000000	0.00000000
179.00000000	-105.00000000	0.00000000	1.00000000
*END
*PEND
*BUTTON
*TEXTURENAME
../../Data/UITexture/TEX2D_TITLE_BUTTON_GAMEPLAY_INIT.png
../../Data/UITexture/TEX2D_TITLE_BUTTON_GAMEPLAY_NEAR.png
../../Data/UITexture/TEX2D_TITLE_BUTTON_GAMEPLAY_CLICK.png
*TEND
*VERTEX
-1.00000000	1.00000000	0.00000000
1.00000000	1.00000000	0.00000000
1.00000000	-1.00000000	0.00000000
-1.00000000	-1.00000000	0.00000000
*MATWORLD
163.00000000	0.00000000	0.00000000	0.00000000
0.00000000	32.00000000	0.00000000	0.00000000
0.00000000	0.00000000	100.00000000	0.00000000
-452.00000000	154.00000000	0.00000000	1.00000000
*END
*BUTTON
*TEXTURENAME
../../Data/UITexture/TEX2D_TITLE_BUTTON_HOW2PLAY_INIT.png
../../Data/UITexture/TEX2D_TITLE_BUTTON_HOW2PLAY_NEAR.png
../../Data/UITexture/TEX2D_TITLE_BUTTON_HOW2PLAY_CLICK.png
*TEND
*VERTEX
-1.00000000	1.00000000	0.00000000
1.00000000	1.00000000	0.00000000
1.00000000	-1.00000000	0.00000000
-1.00000000	-1.00000000	0.00000000
*MATWORLD
186.00000000	0.00000000	0.00000000	0.00000000
0.00000000	32.00000000	0.00000000	0.00000000
0.00000000	0.00000000	100.00000000	0.00000000
-432.00000000	41.00000000	0.00000000	1.00000000
*END
*BUTTON
*TEXTURENAME
../../Data/UITexture/TEX2D_TITLE_BUTTON_OPTION_INIT.png
../../Data/UITexture/TEX2D_TITLE_BUTTON_OPTION_NEAR.png
../../Data/UITexture/TEX2D_TITLE_BUTTON_OPTION_CLICK.png
*TEND
*VERTEX
-1.00000000	1.00000000	0.00000000
1.00000000	1.00000000	0.00000000
1.00000000	-1.00000000	0.00000000
-1.00000000	-1.00000000	0.00000000
*MATWORLD
94.00000000	0.00000000	0.00000000	0.00000000
0.00000000	32.00000000	0.00000000	0.00000000
0.00000000	0.00000000	100.00000000	0.00000000
-522.00000000	-72.00000000	0.00000000	1.00000000
*END
*BUTTON
*TEXTURENAME
../../Data/UITexture/TEX2D_TITLE_BUTTON_CREADIT_INIT.png
../../Data/UITexture/TEX2D_TITLE_BUTTON_CREADIT_NEAR.png
../../Data/UITexture/TEX2D_TITLE_BUTTON_CREADIT_CLICK.png
*TEND
*VERTEX
-1.00000000	1.00000000	0.00000000
1.00000000	1.00000000	0.00000000
1.00000000	-1.00000000	0.00000000
-1.00000000	-1.00000000	0.00000000
*MATWORLD
99.00000000	0.00000000	0.00000000	0.00000000
0.00000000	27.00000000	0.00000000	0.00000000
0.00000000	0.00000000	100.00000000	0.00000000
-517.00000000	-180.00000000	0.00000000	1.00000000
*END
*BUTTON
*TEXTURENAME
../../Data/UITexture/TEX2D_TITLE_BUTTON_EXIT_INIT.png
../../Data/UITexture/TEX2D_TITLE_BUTTON_EXIT_NEAR.png
../../Data/UITexture/TEX2D_TITLE_BUTTON_EXIT_CLICK.png
*TEND
*VERTEX
-1.00000000	1.00000000	0.00000000
1.00000000	1.00000000	0.00000000
1.00000000	-1.00000000	0.00000000
-1.00000000	-1.00000000	0.00000000
*MATWORLD
59.00000000	0.00000000	0.00000000	0.00000000
0.00000000	27.00000000	0.00000000	0.00000000
0.00000000	0.00000000	100.00000000	0.00000000
-558.00000000	-303.00000000	0.00000000	1.00000000
*END
*TEXTURE
*TEXTURENAME
../../Data/UITexture/TEX2D_TITLE_ZOMBIE1.png
*TEND
*VERTEX
-1.00000000	1.00000000	0.00000000
1.00000000	1.00000000	0.00000000
1.00000000	-1.00000000	0.00000000
-1.00000000	-1.00000000	0.00000000
*MATWORLD
195.00000000	0.00000000	0.00000000	0.00000000
0.00000000	298.00000000	0.00000000	0.00000000
0.00000000	0.00000000	100.00000000	0.00000000
504.00000000	-124.00000000	0.00000000	1.00000000
*END
*TEXTURE
*TEXTURENAME
../../Data/UITexture/TEX2D_TITLE_ZOMBIE2.png
*TEND
*VERTEX
-1.00000000	1.00000000	0.00000000
0.99991065	1.00000000	0.00000000
0.99991065	-1.00000000	0.00000000
-1.00000000	-1.00000000	0.00000000
*MATWORLD
208.00000000	0.00000000	0.00000000	0.00000000
0.00000000	306.00000000	0.00000000	0.00000000
0.00000000	0.00000000	100.00000000	0.00000000
265.00000000	-120.00000000	0.00000000	1.00000000
*END
*END

*SCENE
../../Data/UITexture/TEX2D_LOADING_BACKGROUND.png
*TEXTURE
*TEXTURENAME
../../Data/UITexture/TEX2D_LOADING_BAR.png
*TEND
*VERTEX
-1.00000000	1.00000000	0.00000000
-1.00000000	1.00000000	0.00000000
-1.00000000	-1.00000000	0.00000000
-1.00000000	-1.00000000	0.00000000
*MATWORLD
100.00000000	0.00000000	0.00000000	0.00000000
0.00000000	22.00000000	0.00000000	0.00000000
0.00000000	0.00000000	100.00000000	0.00000000
-800.00000000	-434.00000000	0.00000000	1.00000000
*END
*TEXTURE
*TEXTURENAME
../../Data/UITexture/TEX2D_LOADING_BAR_WAITTEXT.png
*TEND
*VERTEX
-1.00000000	1.00000000	0.00000000
1.00000000	1.00000000	0.00000000
1.00000000	-1.00000000	0.00000000
-1.00000000	-1.00000000	0.00000000
*MATWORLD
85.00000000	0.00000000	0.00000000	0.00000000
0.00000000	10.00000000	0.00000000	0.00000000
0.00000000	0.00000000	150.00000000	0.00000000
0.00000000	-433.00000000	0.00000000	1.00000000
*END
*TEXTURE
*TEXTURENAME
../../Data/UITexture/TEX2D_LOADING_BAR_OKTEXT.png
*TEND
*VERTEX
-1.00000000	1.00000000	0.00000000
1.00000000	1.00000000	0.00000000
1.00000000	-1.00000000	0.00000000
-1.00000000	-1.00000000	0.00000000
*MATWORLD
160.00000000	0.00000000	0.00000000	0.00000000
0.00000000	10.00000000	0.00000000	0.00000000
0.00000000	0.00000000	150.00000000	0.00000000
0.00000000	-432.00000000	0.00000000	1.00000000
*END
*END

*SCENE
../../Data/UITexture/TEX2D_BATTLE_UI_UNDER.png
*PANEL
350.00000000	300.00000000	150.00000000
../../Data/UITexture/TEX2D_NEED2HELP_BACKGROUND.png
*BUTTON
*TEXTURENAME
../../Data/UITexture/TEX2D_TITLE_BUTTON_HOW2PLAY_INIT.png
../../Data/UITexture/TEX2D_TITLE_BUTTON_HOW2PLAY_NEAR.png
../../Data/UITexture/TEX2D_TITLE_BUTTON_HOW2PLAY_CLICK.png
*TEND
*VERTEX
-1.00000000	1.00000000	0.00000000
1.00000000	1.00000000	0.00000000
1.00000000	-1.00000000	0.00000000
-1.00000000	-1.00000000	0.00000000
*MATWORLD
186.00000000	0.00000000	0.00000000	0.00000000
0.00000000	32.00000000	0.00000000	0.00000000
0.00000000	0.00000000	150.00000000	0.00000000
0.00000000	95.00000000	0.00000000	1.00000000
*END
*BUTTON
*TEXTURENAME
../../Data/UITexture/TEX2D_TITLE_BUTTON_OPTION_INIT.png
../../Data/UITexture/TEX2D_TITLE_BUTTON_OPTION_NEAR.png
../../Data/UITexture/TEX2D_TITLE_BUTTON_OPTION_CLICK.png
*TEND
*VERTEX
-1.00000000	1.00000000	0.00000000
1.00000000	1.00000000	0.00000000
1.00000000	-1.00000000	0.00000000
-1.00000000	-1.00000000	0.00000000
*MATWORLD
94.00000000	0.00000000	0.00000000	0.00000000
0.00000000	32.00000000	0.00000000	0.00000000
0.00000000	0.00000000	150.00000000	0.00000000
0.00000000	-17.00000000	0.00000000	1.00000000
*END
*BUTTON
*TEXTURENAME
../../Data/UITexture/TEX2D_NEED2HELP_GO2TITLE_INIT.png
../../Data/UITexture/TEX2D_NEED2HELP_GO2TITLE_NEAR.png
../../Data/UITexture/TEX2D_NEED2HELP_GO2TITLE_CLICK.png
*TEND
*VERTEX
-1.00000000	1.00000000	0.00000000
1.00000000	1.00000000	0.00000000
1.00000000	-1.00000000	0.00000000
-1.00000000	-1.00000000	0.00000000
*MATWORLD
226.00000000	0.00000000	0.00000000	0.00000000
0.00000000	27.00000000	0.00000000	0.00000000
0.00000000	0.00000000	150.00000000	0.00000000
0.00000000	-125.00000000	0.00000000	1.00000000
*END
*BUTTON
*TEXTURENAME
../../Data/UITexture/TEX2D_NEED2HELP_GOBACK_INIT.png
../../Data/UITexture/TEX2D_NEED2HELP_GOBACK_NEAR.png
../../Data/UITexture/TEX2D_NEED2HELP_GOBACK_CLICK.png
*TEND
*VERTEX
-1.00000000	1.00000000	0.00000000
1.00000000	1.00000000	0.00000000
1.00000000	-1.00000000	0.00000000
-1.00000000	-1.00000000	0.00000000
*MATWORLD
281.00000000	0.00000000	0.00000000	0.00000000
0.00000000	28.00000000	0.00000000	0.00000000
0.00000000	0.00000000	150.00000000	0.00000000
0.00000000	-237.00000000	0.00000000	1.00000000
*END
*PEND
*PANEL
700.00000000	400.00000000	150.00000000
../../Data/UITexture/TEX2D_LOSE_BACKGROUND.png
*BUTTON
*TEXTURENAME
../../Data/UITexture/TEX2D_NEED2HELP_GO2TITLE_INIT.png
../../Data/UITexture/TEX2D_NEED2HELP_GO2TITLE_NEAR.png
../../Data/UITexture/TEX2D_NEED2HELP_GO2TITLE_CLICK.png
*TEND
*VERTEX
-1.00000000	1.00000000	0.00000000
1.00000000	1.00000000	0.00000000
1.00000000	-1.00000000	0.00000000
-1.00000000	-1.00000000	0.00000000
*MATWORLD
226.00000000	0.00000000	0.00000000	0.00000000
0.00000000	27.00000000	0.00000000	0.00000000
0.00000000	0.00000000	150.00000000	0.00000000
432.00000000	-341.00000000	0.00000000	1.00000000
*END
*PEND
*PANEL
700.00000000	400.00000000	150.00000000
../../Data/UITexture/TEX2D_WIN_BACKGROUND.png
*BUTTON
*TEXTURENAME
../../Data/UITexture/TEX2D_NEED2HELP_GO2TITLE_INIT.png
../../Data/UITexture/TEX2D_NEED2HELP_GO2TITLE_NEAR.png
../../Data/UITexture/TEX2D_NEED2HELP_GO2TITLE_CLICK.png
*TEND
*VERTEX
-1.00000000	1.00000000	0.00000000
1.00000000	1.00000000	0.00000000
1.00000000	-1.00000000	0.00000000
-1.00000000	-1.00000000	0.00000000
*MATWORLD
226.00000000	0.00000000	0.00000000	0.00000000
0.00000000	27.00000000	0.00000000	0.00000000
0.00000000	0.00000000	150.00000000	0.00000000
432.00000000	-341.00000000	0.00000000	1.00000000
*END
*PEND
*TEXTURE
*TEXTURENAME
../../Data/UITexture/ICON_BATTLE_STAGE1.png
../../Data/UITexture/ICON_BATTLE_STAGE2.png
../../Data/UITexture/ICON_BATTLE_STAGE3.png
../../Data/UITexture/ICON_BATTLE_STAGE4.png
../../Data/UITexture/ICON_BATTLE_STAGE5.png
*TEND
*VERTEX
-1.00000000	1.00000000	0.00000000
1.00000000	1.00000000	0.00000000
1.00000000	-1.00000000	0.00000000
-1.00000000	-1.00000000	0.00000000
*MATWORLD
69.00000000	0.00000000	0.00000000	0.00000000
0.00000000	20.00000000	0.00000000	0.00000000
0.00000000	0.00000000	100.00000000	0.00000000
-869.00000000	489.00000000	0.00000000	1.00000000
*END
*TEXTURE
*TEXTURENAME
../../Data/UITexture/ICON_PHASE_FARMING.png
../../Data/UITexture/ICON_PHASE_BATTLE.png
*TEND
*VERTEX
-1.00000000	1.00000000	0.00000000
1.00000000	1.00000000	0.00000000
1.00000000	-1.00000000	0.00000000
-1.00000000	-1.00000000	0.00000000
*MATWORLD
136.00000000	0.00000000	0.00000000	0.00000000
0.00000000	20.00000000	0.00000000	0.00000000
0.00000000	0.00000000	100.00000000	0.00000000
794.00000000	489.00000000	0.00000000	1.00000000
*END
*TEXTURE
*TEXTURENAME
../../Data/UITexture/ICON_TIME_NUMBER_COLON.png
*TEND
*VERTEX
-1.00000000	1.00000000	0.00000000
1.00000000	1.00000000	0.00000000
1.00000000	-1.00000000	0.00000000
-1.00000000	-1.00000000	0.00000000
*MATWORLD
4.00000000	0.00000000	0.00000000	0.00000000
0.00000000	12.00000000	0.00000000	0.00000000
0.00000000	0.00000000	100.00000000	0.00000000
0.00000000	485.00000000	0.00000000	1.00000000
*END
*TEXTURE
*TEXTURENAME
../../Data/UITexture/ICON_TIME_NUMBER_0.png
../../Data/UITexture/ICON_TIME_NUMBER_1.png
../../Data/UITexture/ICON_TIME_NUMBER_2.png
../../Data/UITexture/ICON_TIME_NUMBER_3.png
../../Data/UITexture/ICON_TIME_NUMBER_4.png
../../Data/UITexture/ICON_TIME_NUMBER_5.png
../../Data/UITexture/ICON_TIME_NUMBER_6.png
../../Data/UITexture/ICON_TIME_NUMBER_7.png
../../Data/UITexture/ICON_TIME_NUMBER_8.png
../../Data/UITexture/ICON_TIME_NUMBER_9.png
*TEND
*VERTEX
-1.00000000	1.00000000	0.00000000
1.00000000	1.00000000	0.00000000
1.00000000	-1.00000000	0.00000000
-1.00000000	-1.00000000	0.00000000
*MATWORLD
10.00000000	0.00000000	0.00000000	0.00000000
0.00000000	16.00000000	0.00000000	0.00000000
0.00000000	0.00000000	100.00000000	0.00000000
-108.00000000	485.00000000	0.00000000	1.00000000
*END
*TEXTURE
*TEXTURENAME
../../Data/UITexture/ICON_TIME_NUMBER_0.png
../../Data/UITexture/ICON_TIME_NUMBER_1.png
../../Data/UITexture/ICON_TIME_NUMBER_2.png
../../Data/UITexture/ICON_TIME_NUMBER_3.png
../../Data/UITexture/ICON_TIME_NUMBER_4.png
../../Data/UITexture/ICON_TIME_NUMBER_5.png
../../Data/UITexture/ICON_TIME_NUMBER_6.png
../../Data/UITexture/ICON_TIME_NUMBER_7.png
../../Data/UITexture/ICON_TIME_NUMBER_8.png
../../Data/UITexture/ICON_TIME_NUMBER_9.png
*TEND
*VERTEX
-1.00000000	1.00000000	0.00000000
1.00000000	1.00000000	0.00000000
1.00000000	-1.00000000	0.00000000
-1.00000000	-1.00000000	0.00000000
*MATWORLD
10.00000000	0.00000000	0.00000000	0.00000000
0.00000000	16.00000000	0.00000000	0.00000000
0.00000000	0.00000000	100.00000000	0.00000000
-53.00000000	485.00000000	0.00000000	1.00000000
*END
*TEXTURE
*TEXTURENAME
../../Data/UITexture/ICON_TIME_NUMBER_0.png
../../Data/UITexture/ICON_TIME_NUMBER_1.png
../../Data/UITexture/ICON_TIME_NUMBER_2.png
../../Data/UITexture/ICON_TIME_NUMBER_3.png
../../Data/UITexture/ICON_TIME_NUMBER_4.png
../../Data/UITexture/ICON_TIME_NUMBER_5.png
../../Data/UITexture/ICON_TIME_NUMBER_6.png
../../Data/UITexture/ICON_TIME_NUMBER_7.png
../../Data/UITexture/ICON_TIME_NUMBER_8.png
../../Data/UITexture/ICON_TIME_NUMBER_9.png
*TEND
*VERTEX
-1.00000000	1.00000000	0.00000000
1.00000000	1.00000000	0.00000000
1.00000000	-1.00000000	0.00000000
-1.00000000	-1.00000000	0.00000000
*MATWORLD
10.00000000	0.00000000	0.00000000	0.00000000
0.00000000	16.00000000	0.00000000	0.00000000
0.00000000	0.00000000	100.00000000	0.00000000
51.00000000	485.00000000	0.00000000	1.00000000
*END
*TEXTURE
*TEXTURENAME
../../Data/UITexture/ICON_TIME_NUMBER_0.png
../../Data/UITexture/ICON_TIME_NUMBER_1.png
../../Data/UITexture/ICON_TIME_NUMBER_2.png
../../Data/UITexture/ICON_TIME_NUMBER_3.png
../../Data/UITexture/ICON_TIME_NUMBER_4.png
../../Data/UITexture/ICON_TIME_NUMBER_5.png
../../Data/UITexture/ICON_TIME_NUMBER_6.png
../../Data/UITexture/ICON_TIME_NUMBER_7.png
../../Data/UITexture/ICON_TIME_NUMBER_8.png
../../Data/UITexture/ICON_TIME_NUMBER_9.png
*TEND
*VERTEX
-1.00000000	1.00000000	0.00000000
1.00000000	1.00000000	0.00000000
1.00000000	-1.00000000	0.00000000
-1.00000000	-1.00000000	0.00000000
*MATWORLD
10.00000000	0.00000000	0.00000000	0.00000000
0.00000000	16.00000000	0.00000000	0.00000000
0.00000000	0.00000000	100.00000000	0.00000000
106.00000000	485.00000000	0.00000000	1.00000000
*END
*TEXTURE
*TEXTURENAME
../../Data/UITexture/TEX2D_BATTLE_AIM_CROSS.png
*TEND
*VERTEX
-1.00000000	1.00000000	0.00000000
1.00000000	1.00000000	0.00000000
1.00000000	-1.00000000	0.00000000
-1.00000000	-1.00000000	0.00000000
*MATWORLD
15.00000000	0.00000000	0.00000000	0.00000000
0.00000000	15.00000000	0.00000000	0.00000000
0.00000000	0.00000000	100.00000000	0.00000000
0.00000000	0.00000000	0.00000000	1.00000000
*END
*TEXTURE
*TEXTURENAME
../../Data/UITexture/TEX2D_BATTLE_HPBAR2.png
*TEND
*VERTEX
-1.00000000	1.00000000	0.00000000
1.00000000	1.00000000	0.00000000
1.00000000	-1.00000000	0.00000000
-1.00000000	-1.00000000	0.00000000
*MATWORLD
135.00000000	0.00000000	0.00000000	0.00000000
0.00000000	39.00000000	0.00000000	0.00000000
0.00000000	0.00000000	100.00000000	0.00000000
-804.00000000	-467.00000000	0.00000000	1.00000000
*END
*TEXTURE
*TEXTURENAME
../../Data/UITexture/TEX2D_BATTLE_HPBAR1.png
*TEND
*VERTEX
-1.00000000	1.00000000	0.00000000
1.00000000	1.00000000	0.00000000
1.00000000	-1.00000000	0.00000000
-1.00000000	-1.00000000	0.00000000
*MATWORLD
135.00000000	0.00000000	0.00000000	0.00000000
0.00000000	39.00000000	0.00000000	0.00000000
0.00000000	0.00000000	100.00000000	0.00000000
-804.00000000	-468.00000000	0.00000000	1.00000000
*END
*TEXTURE
*TEXTURENAME
../Data/UI_TEST/TEX2D_BATTLE_HPBAR2.png
*TEND
*VERTEX
-1.00000000	1.00000000	0.00000000
1.00000000	1.00000000	0.00000000
1.00000000	-1.00000000	0.00000000
-1.00000000	-1.00000000	0.00000000
*MATWORLD
135.00000000	0.00000000	0.00000000	0.00000000
0.00000000	39.00000000	0.00000000	0.00000000
0.00000000	0.00000000	100.00000000	0.00000000
-804.00000000	-467.00000000	0.00000000	1.00000000
*END
*TEXTURE
*TEXTURENAME
../Data/UI_TEST/TEX2D_BATTLE_HPBAR1.png
*TEND
*VERTEX
-1.00000000	1.00000000	0.00000000
1.00000000	1.00000000	0.00000000
1.00000000	-1.00000000	0.00000000
-1.00000000	-1.00000000	0.00000000
*MATWORLD
135.00000000	0.00000000	0.00000000	0.00000000
0.00000000	39.00000000	0.00000000	0.00000000
0.00000000	0.00000000	100.00000000	0.00000000
-804.00000000	-468.00000000	0.00000000	1.00000000
*END
*TEXTURE
*TEXTURENAME
../Data/UI_TEST/TEX2D_BATTLE_UI_HPTEXT.png
*TEND
*VERTEX
-1.00000000	1.00000000	0.00000000
1.00000000	1.00000000	0.00000000
1.00000000	-1.00000000	0.00000000
-1.00000000	-1.00000000	0.00000000
*MATWORLD
20.00000000	0.00000000	0.00000000	0.00000000
0.00000000	11.00000000	0.00000000	0.00000000
0.00000000	0.00000000	100.00000000	0.00000000
-908.00000000	-468.00000000	0.00000000	1.00000000
*END
*TEXTURE
*TEXTURENAME
../Data/UI_TEST/ICON_TIME_NUMBER_SLASH.png
*TEND
*VERTEX
-1.00000000	1.00000000	0.00000000
1.00000000	1.00000000	0.00000000
1.00000000	-1.00000000	0.00000000
-1.00000000	-1.00000000	0.00000000
*MATWORLD
6.00000000	0.00000000	0.00000000	0.00000000
0.00000000	15.00000000	0.00000000	0.00000000
0.00000000	0.00000000	100.00000000	0.00000000
-782.00000000	-468.00000000	0.00000000	1.00000000
*END
*TEXTURE
*TEXTURENAME
../Data/UI_TEST/ICON_TIME_NUMBER_0.png
../Data/UI_TEST/ICON_TIME_NUMBER_1.png
../Data/UI_TEST/ICON_TIME_NUMBER_2.png
../Data/UI_TEST/ICON_TIME_NUMBER_3.png
../Data/UI_TEST/ICON_TIME_NUMBER_4.png
../Data/UI_TEST/ICON_TIME_NUMBER_5.png
../Data/UI_TEST/ICON_TIME_NUMBER_6.png
../Data/UI_TEST/ICON_TIME_NUMBER_7.png
../Data/UI_TEST/ICON_TIME_NUMBER_8.png
../Data/UI_TEST/ICON_TIME_NUMBER_9.png
*TEND
*VERTEX
-1.00000000	1.00000000	0.00000000
1.00000000	1.00000000	0.00000000
1.00000000	-1.00000000	0.00000000
-1.00000000	-1.00000000	0.00000000
*MATWORLD
10.00000000	0.00000000	0.00000000	0.00000000
0.00000000	15.00000000	0.00000000	0.00000000
0.00000000	0.00000000	100.00000000	0.00000000
-870.00000000	-468.00000000	0.00000000	1.00000000
*END
*TEXTURE
*TEXTURENAME
../Data/UI_TEST/ICON_TIME_NUMBER_0.png
../Data/UI_TEST/ICON_TIME_NUMBER_1.png
../Data/UI_TEST/ICON_TIME_NUMBER_2.png
../Data/UI_TEST/ICON_TIME_NUMBER_3.png
../Data/UI_TEST/ICON_TIME_NUMBER_4.png
../Data/UI_TEST/ICON_TIME_NUMBER_5.png
../Data/UI_TEST/ICON_TIME_NUMBER_6.png
../Data/UI_TEST/ICON_TIME_NUMBER_7.png
../Data/UI_TEST/ICON_TIME_NUMBER_8.png
../Data/UI_TEST/ICON_TIME_NUMBER_9.png
*TEND
*VERTEX
-1.00000000	1.00000000	0.00000000
1.00000000	1.00000000	0.00000000
1.00000000	-1.00000000	0.00000000
-1.00000000	-1.00000000	0.00000000
*MATWORLD
10.00000000	0.00000000	0.00000000	0.00000000
0.00000000	15.00000000	0.00000000	0.00000000
0.00000000	0.00000000	100.00000000	0.00000000
-846.00000000	-468.00000000	0.00000000	1.00000000
*END
*TEXTURE
*TEXTURENAME
../Data/UI_TEST/ICON_TIME_NUMBER_0.png
../Data/UI_TEST/ICON_TIME_NUMBER_1.png
../Data/UI_TEST/ICON_TIME_NUMBER_2.png
../Data/UI_TEST/ICON_TIME_NUMBER_3.png
../Data/UI_TEST/ICON_TIME_NUMBER_4.png
../Data/UI_TEST/ICON_TIME_NUMBER_5.png
../Data/UI_TEST/ICON_TIME_NUMBER_6.png
../Data/UI_TEST/ICON_TIME_NUMBER_7.png
../Data/UI_TEST/ICON_TIME_NUMBER_8.png
../Data/UI_TEST/ICON_TIME_NUMBER_9.png
*TEND
*VERTEX
-1.00000000	1.00000000	0.00000000
1.00000000	1.00000000	0.00000000
1.00000000	-1.00000000	0.00000000
-1.00000000	-1.00000000	0.00000000
*MATWORLD
10.00000000	0.00000000	0.00000000	0.00000000
0.00000000	15.00000000	0.00000000	0.00000000
0.00000000	0.00000000	100.00000000	0.00000000
-822.00000000	-468.00000000	0.00000000	1.00000000
*END
*TEXTURE
*TEXTURENAME
../Data/UI_TEST/ICON_TIME_NUMBER_0.png
../Data/UI_TEST/ICON_TIME_NUMBER_1.png
../Data/UI_TEST/ICON_TIME_NUMBER_2.png
../Data/UI_TEST/ICON_TIME_NUMBER_3.png
../Data/UI_TEST/ICON_TIME_NUMBER_4.png
../Data/UI_TEST/ICON_TIME_NUMBER_5.png
../Data/UI_TEST/ICON_TIME_NUMBER_6.png
../Data/UI_TEST/ICON_TIME_NUMBER_7.png
../Data/UI_TEST/ICON_TIME_NUMBER_8.png
../Data/UI_TEST/ICON_TIME_NUMBER_9.png
*TEND
*VERTEX
-1.00000000	1.00000000	0.00000000
1.00000000	1.00000000	0.00000000
1.00000000	-1.00000000	0.00000000
-1.00000000	-1.00000000	0.00000000
*MATWORLD
10.00000000	0.00000000	0.00000000	0.00000000
0.00000000	15.00000000	0.00000000	0.00000000
0.00000000	0.00000000	100.00000000	0.00000000
-799.00000000	-468.00000000	0.00000000	1.00000000
*END
*TEXTURE
*TEXTURENAME
../Data/UI_TEST/ICON_TIME_NUMBER_0.png
../Data/UI_TEST/ICON_TIME_NUMBER_1.png
../Data/UI_TEST/ICON_TIME_NUMBER_2.png
../Data/UI_TEST/ICON_TIME_NUMBER_3.png
../Data/UI_TEST/ICON_TIME_NUMBER_4.png
../Data/UI_TEST/ICON_TIME_NUMBER_5.png
../Data/UI_TEST/ICON_TIME_NUMBER_6.png
../Data/UI_TEST/ICON_TIME_NUMBER_7.png
../Data/UI_TEST/ICON_TIME_NUMBER_8.png
../Data/UI_TEST/ICON_TIME_NUMBER_9.png
*TEND
*VERTEX
-1.00000000	1.00000000	0.00000000
1.00000000	1.00000000	0.00000000
1.00000000	-1.00000000	0.00000000
-1.00000000	-1.00000000	0.00000000
*MATWORLD
10.00000000	0.00000000	0.00000000	0.00000000
0.00000000	15.00000000	0.00000000	0.00000000
0.00000000	0.00000000	100.00000000	0.00000000
-763.00000000	-468.00000000	0.00000000	1.00000000
*END
*TEXTURE
*TEXTURENAME
../Data/UI_TEST/ICON_TIME_NUMBER_0.png
../Data/UI_TEST/ICON_TIME_NUMBER_1.png
../Data/UI_TEST/ICON_TIME_NUMBER_2.png
../Data/UI_TEST/ICON_TIME_NUMBER_3.png
../Data/UI_TEST/ICON_TIME_NUMBER_4.png
../Data/UI_TEST/ICON_TIME_NUMBER_5.png
../Data/UI_TEST/ICON_TIME_NUMBER_6.png
../Data/UI_TEST/ICON_TIME_NUMBER_7.png
../Data/UI_TEST/ICON_TIME_NUMBER_8.png
../Data/UI_TEST/ICON_TIME_NUMBER_9.png
*TEND
*VERTEX
-1.00000000	1.00000000	0.00000000
1.00000000	1.00000000	0.00000000
1.00000000	-1.00000000	0.00000000
-1.00000000	-1.00000000	0.00000000
*MATWORLD
10.00000000	0.00000000	0.00000000	0.00000000
0.00000000	15.00000000	0.00000000	0.00000000
0.00000000	0.00000000	100.00000000	0.00000000
-740.00000000	-468.00000000	0.00000000	1.00000000
*END
*TEXTURE
*TEXTURENAME
../Data/UI_TEST/ICON_TIME_NUMBER_0.png
../Data/UI_TEST/ICON_TIME_NUMBER_1.png
../Data/UI_TEST/ICON_TIME_NUMBER_2.png
../Data/UI_TEST/ICON_TIME_NUMBER_3.png
../Data/UI_TEST/ICON_TIME_NUMBER_4.png
../Data/UI_TEST/ICON_TIME_NUMBER_5.png
../Data/UI_TEST/ICON_TIME_NUMBER_6.png
../Data/UI_TEST/ICON_TIME_NUMBER_7.png
../Data/UI_TEST/ICON_TIME_NUMBER_8.png
../Data/UI_TEST/ICON_TIME_NUMBER_9.png
*TEND
*VERTEX
-1.12480390	1.00000000	0.00000000
1.00000000	1.00000000	0.00000000
1.00000000	-1.00000000	0.00000000
-1.12480390	-1.00000000	0.00000000
*MATWORLD
10.00000000	0.00000000	0.00000000	0.00000000
0.00000000	15.00000000	0.00000000	0.00000000
0.00000000	0.00000000	100.00000000	0.00000000
-715.00000000	-468.00000000	0.00000000	1.00000000
*END
*TEXTURE
*TEXTURENAME
../Data/UI_TEST/ICON_TIME_NUMBER_0.png
../Data/UI_TEST/ICON_TIME_NUMBER_1.png
../Data/UI_TEST/ICON_TIME_NUMBER_2.png
../Data/UI_TEST/ICON_TIME_NUMBER_3.png
../Data/UI_TEST/ICON_TIME_NUMBER_4.png
../Data/UI_TEST/ICON_TIME_NUMBER_5.png
../Data/UI_TEST/ICON_TIME_NUMBER_6.png
../Data/UI_TEST/ICON_TIME_NUMBER_7.png
../Data/UI_TEST/ICON_TIME_NUMBER_8.png
../Data/UI_TEST/ICON_TIME_NUMBER_9.png
*TEND
*VERTEX
-1.00000000	1.00000000	0.00000000
1.00000000	1.00000000	0.00000000
1.00000000	-1.00000000	0.00000000
-1.00000000	-1.00000000	0.00000000
*MATWORLD
10.00000000	0.00000000	0.00000000	0.00000000
0.00000000	15.00000000	0.00000000	0.00000000
0.00000000	0.00000000	100.00000000	0.00000000
-692.00000000	-468.00000000	0.00000000	1.00000000
*END
*END

