#PSB_CHARACTER_TOOL_ANIMATION_DATA
#SCENE 0 60 30 160 27

#OBJECT 0
	*NodeName Bip01
	*ANIMATION 0 60 60
		0    -0.0868     0.9924    -0.0868     1.5784
		160    -0.0840     0.9929    -0.0840     1.5779
		320    -0.0809     0.9934    -0.0809     1.5774
		480    -0.0775     0.9940    -0.0775     1.5768
		640    -0.0740     0.9945    -0.0740     1.5763
		800    -0.0705     0.9950    -0.0705     1.5758
		960    -0.0669     0.9955    -0.0669     1.5753
		1120    -0.0633     0.9960    -0.0633     1.5748
		1280    -0.0599     0.9964    -0.0599     1.5744
		1440    -0.0566     0.9968    -0.0566     1.5740
		1600    -0.0535     0.9971    -0.0535     1.5737
		1760    -0.0507     0.9974    -0.0507     1.5734
		1920    -0.0483     0.9977    -0.0483     1.5731
		2080    -0.0463     0.9978    -0.0463     1.5729
		2240    -0.0449     0.9980    -0.0449     1.5728
		2400    -0.0439     0.9981    -0.0439     1.5727
		2560    -0.0436     0.9981    -0.0436     1.5727
		2720    -0.0441     0.9981    -0.0441     1.5727
		2880    -0.0455     0.9979    -0.0455     1.5729
		3040    -0.0476     0.9977    -0.0476     1.5731
		3200    -0.0504     0.9975    -0.0504     1.5733
		3360    -0.0537     0.9971    -0.0537     1.5737
		3520    -0.0574     0.9967    -0.0574     1.5741
		3680    -0.0614     0.9962    -0.0614     1.5746
		3840    -0.0655     0.9957    -0.0655     1.5751
		4000    -0.0695     0.9952    -0.0695     1.5757
		4160    -0.0735     0.9946    -0.0735     1.5762
		4320    -0.0772     0.9940    -0.0772     1.5768
		4480    -0.0805     0.9935    -0.0805     1.5773
		4640    -0.0833     0.9930    -0.0833     1.5778
		4800    -0.0854     0.9927    -0.0854     1.5781
		4960    -0.0868     0.9924    -0.0868     1.5784
		5120    -0.0877     0.9923    -0.0877     1.5786
		5280    -0.0885     0.9921    -0.0885     1.5787
		5440    -0.0892     0.9920    -0.0892     1.5788
		5600    -0.0897     0.9919    -0.0897     1.5789
		5760    -0.0902     0.9918    -0.0902     1.5790
		5920    -0.0905     0.9918    -0.0905     1.5791
		6080    -0.0908     0.9917    -0.0908     1.5791
		6240    -0.0909     0.9917    -0.0909     1.5791
		6400    -0.0910     0.9917    -0.0910     1.5791
		6560    -0.0910     0.9917    -0.0910     1.5791
		6720    -0.0910     0.9917    -0.0910     1.5791
		6880    -0.0909     0.9917    -0.0909     1.5791
		7040    -0.0907     0.9917    -0.0907     1.5791
		7200    -0.0905     0.9918    -0.0905     1.5790
		7360    -0.0902     0.9918    -0.0902     1.5790
		7520    -0.0900     0.9919    -0.0900     1.5790
		7680    -0.0897     0.9919    -0.0897     1.5789
		7840    -0.0894     0.9920    -0.0894     1.5788
		8000    -0.0890     0.9920    -0.0890     1.5788
		8160    -0.0887     0.9921    -0.0887     1.5787
		8320    -0.0884     0.9922    -0.0884     1.5787
		8480    -0.0881     0.9922    -0.0881     1.5786
		8640    -0.0878     0.9923    -0.0878     1.5786
		8800    -0.0875     0.9923    -0.0875     1.5785
		8960    -0.0873     0.9924    -0.0873     1.5785
		9120    -0.0871     0.9924    -0.0871     1.5784
		9280    -0.0870     0.9924    -0.0870     1.5784
		9440    -0.0869     0.9924    -0.0869     1.5784
		0     0.0000  3247.4241  -582.5009
		160     0.0795  3260.4006  -582.5009
		320     0.3075  3274.7813  -582.5009
		480     0.6680  3290.2419  -582.5009
		640     1.1451  3306.4590  -582.5009
		800     1.7229  3323.1074  -582.5009
		960     2.3856  3339.8645  -582.5009
		1120     3.1171  3356.4055  -582.5009
		1280     3.9017  3372.4063  -582.5009
		1440     4.7234  3387.5432  -582.5009
		1600     5.5663  3401.4915  -582.5009
		1760     6.4145  3413.9275  -582.5009
		1920     7.2521  3424.5276  -582.5009
		2080     8.0632  3432.9675  -582.5009
		2240     8.8319  3438.9224  -582.5009
		2400     9.5423  3442.0693  -582.5009
		2560    10.1784  3442.0837  -582.5009
		2720    10.7245  3437.6008  -582.5009
		2880    11.1645  3427.9978  -582.5009
		3040    11.4825  3414.0630  -582.5009
		3200    11.6628  3396.5852  -582.5009
		3360    11.6893  3376.3521  -582.5009
		3520    11.5461  3354.1526  -582.5009
		3680    11.2175  3330.7756  -582.5009
		3840    10.6873  3307.0085  -582.5009
		4000     9.9399  3283.6409  -582.5009
		4160     8.9591  3261.4604  -582.5009
		4320     7.7292  3241.2561  -582.5009
		4480     6.2343  3223.8157  -582.5009
		4640     4.4584  3209.9287  -582.5009
		4800     2.3856  3200.3826  -582.5009
		4960     0.0000  3195.9658  -582.5009
		5120    -3.3850  3196.1824  -582.5009
		5280    -8.3057  3199.7466  -582.5009
		5440   -14.5524  3206.2632  -582.5009
		5600   -21.9155  3215.3372  -582.5009
		5760   -30.1853  3226.5730  -582.5009
		5920   -39.1523  3239.5769  -582.5009
		6080   -48.6066  3253.9531  -582.5009
		6240   -58.3388  3269.3054  -582.5009
		6400   -68.1391  3285.2402  -582.5009
		6560   -77.7979  3301.3618  -582.5009
		6720   -87.1055  3317.2749  -582.5009
		6880   -95.8523  3332.5847  -582.5009
		7040  -103.8286  3346.8965  -582.5009
		7200  -110.8249  3359.8142  -582.5009
		7360  -116.6313  3370.9438  -582.5009
		7520  -121.0383  3379.8896  -582.5009
		7680  -123.8363  3386.2563  -582.5009
		7840  -124.8155  3389.6497  -582.5009
		8000  -122.8463  3388.8718  -582.5009
		8160  -117.3135  3383.4768  -582.5009
		8320  -108.7799  3374.1929  -582.5009
		8480   -97.8081  3361.7493  -582.5009
		8640   -84.9608  3346.8755  -582.5009
		8800   -70.8007  3330.3000  -582.5009
		8960   -55.8904  3312.7529  -582.5009
		9120   -40.7925  3294.9624  -582.5009
		9280   -26.0697  3277.6582  -582.5009
		9440   -12.2846  3261.5691  -582.5009

#OBJECT 1
	*NodeName Bip01Footsteps
	*ANIMATION 0 60 60
		0     0.0868    -0.9924     0.0868     1.5784
		160     0.0840    -0.9929     0.0840     1.5779
		320     0.0809    -0.9934     0.0809     1.5774
		480     0.0775    -0.9940     0.0775     1.5768
		640     0.0740    -0.9945     0.0740     1.5763
		800     0.0705    -0.9950     0.0705     1.5758
		960     0.0669    -0.9955     0.0669     1.5753
		1120     0.0633    -0.9960     0.0633     1.5748
		1280     0.0599    -0.9964     0.0599     1.5744
		1440     0.0566    -0.9968     0.0566     1.5740
		1600     0.0535    -0.9971     0.0535     1.5737
		1760     0.0507    -0.9974     0.0507     1.5734
		1920     0.0483    -0.9977     0.0483     1.5731
		2080     0.0463    -0.9978     0.0463     1.5729
		2240     0.0449    -0.9980     0.0449     1.5728
		2400     0.0439    -0.9981     0.0439     1.5727
		2560     0.0436    -0.9981     0.0436     1.5727
		2720     0.0441    -0.9981     0.0441     1.5727
		2880     0.0455    -0.9979     0.0455     1.5729
		3040     0.0476    -0.9977     0.0476     1.5731
		3200     0.0504    -0.9975     0.0504     1.5733
		3360     0.0537    -0.9971     0.0537     1.5737
		3520     0.0574    -0.9967     0.0574     1.5741
		3680     0.0614    -0.9962     0.0614     1.5746
		3840     0.0655    -0.9957     0.0655     1.5751
		4000     0.0695    -0.9952     0.0695     1.5757
		4160     0.0735    -0.9946     0.0735     1.5762
		4320     0.0772    -0.9940     0.0772     1.5768
		4480     0.0805    -0.9935     0.0805     1.5773
		4640     0.0833    -0.9930     0.0833     1.5778
		4800     0.0854    -0.9927     0.0854     1.5781
		4960     0.0868    -0.9924     0.0868     1.5784
		5120     0.0877    -0.9923     0.0877     1.5786
		5280     0.0885    -0.9921     0.0885     1.5787
		5440     0.0892    -0.9920     0.0892     1.5788
		5600     0.0897    -0.9919     0.0897     1.5789
		5760     0.0902    -0.9918     0.0902     1.5790
		5920     0.0905    -0.9918     0.0905     1.5791
		6080     0.0908    -0.9917     0.0908     1.5791
		6240     0.0909    -0.9917     0.0909     1.5791
		6400     0.0910    -0.9917     0.0910     1.5791
		6560     0.0910    -0.9917     0.0910     1.5791
		6720     0.0910    -0.9917     0.0910     1.5791
		6880     0.0909    -0.9917     0.0909     1.5791
		7040     0.0907    -0.9917     0.0907     1.5791
		7200     0.0905    -0.9918     0.0905     1.5790
		7360     0.0902    -0.9918     0.0902     1.5790
		7520     0.0900    -0.9919     0.0900     1.5790
		7680     0.0897    -0.9919     0.0897     1.5789
		7840     0.0894    -0.9920     0.0894     1.5788
		8000     0.0890    -0.9920     0.0890     1.5788
		8160     0.0887    -0.9921     0.0887     1.5787
		8320     0.0884    -0.9922     0.0884     1.5787
		8480     0.0881    -0.9922     0.0881     1.5786
		8640     0.0878    -0.9923     0.0878     1.5786
		8800     0.0875    -0.9923     0.0875     1.5785
		8960     0.0873    -0.9924     0.0873     1.5785
		9120     0.0871    -0.9924     0.0871     1.5784
		9280     0.0870    -0.9924     0.0870     1.5784
		9440     0.0869    -0.9924     0.0869     1.5784
		0    14.3833   -81.5717    -0.0000
		160    13.9674   -81.9783    -0.0000
		320    13.5022   -82.3931    -0.0000
		480    13.0015   -82.8400     0.0000
		640    12.4744   -83.3130    -0.0000
		800    11.9300   -83.8056     0.0000
		960    11.3767   -84.3041     0.0000
		1120    10.8237   -84.7956    -0.0000
		1280    10.2812   -85.2715    -0.0000
		1440     9.7597   -85.7218     0.0000
		1600     9.2701   -86.1367    -0.0000
		1760     8.8236   -86.5066    -0.0000
		1920     8.4317   -86.8221    -0.0000
		2080     8.1061   -87.0739     0.0000
		2240     7.8585   -87.2527    -0.0000
		2400     7.7002   -87.3491    -0.0000
		2560     7.6424   -87.3533    -0.0000
		2720     7.7183   -87.2272     0.0000
		2880     7.9388   -86.9524     0.0000
		3040     8.2811   -86.5489    -0.0000
		3200     8.7213   -86.0367     0.0000
		3360     9.2361   -85.4356     0.0000
		3520     9.8023   -84.7657     0.0000
		3680    10.3978   -84.0477     0.0000
		3840    11.0016   -83.3027    -0.0000
		4000    11.5940   -82.5525    -0.0000
		4160    12.1567   -81.8191    -0.0000
		4320    12.6728   -81.1256     0.0000
		4480    13.1265   -80.4951     0.0000
		4640    13.5031   -79.9510    -0.0000
		4800    13.7883   -79.5171    -0.0000
		4960    13.9681   -79.2171    -0.0000
		5120    14.1013   -79.1170    -0.0000
		5280    14.2895   -79.4415     0.0000
		5440    14.4672   -79.8134     0.0000
		5600    14.6338   -80.2237     0.0000
		5760    14.7888   -80.6637     0.0000
		5920    14.9314   -81.1246     0.0000
		6080    15.0611   -81.5980    -0.0000
		6240    15.1772   -82.0751    -0.0000
		6400    15.2791   -82.5478    -0.0000
		6560    15.3663   -83.0076    -0.0000
		6720    15.4381   -83.4462     0.0000
		6880    15.4941   -83.8552     0.0000
		7040    15.5339   -84.2264     0.0000
		7200    15.5572   -84.5514    -0.0000
		7360    15.5635   -84.8220     0.0000
		7520    15.5528   -85.0298     0.0000
		7680    15.5246   -85.1665    -0.0000
		7840    15.4790   -85.2238     0.0000
		8000    15.4122   -85.1733     0.0000
		8160    15.3238   -85.0053     0.0000
		8320    15.2190   -84.7395    -0.0000
		8480    15.1026   -84.3957     0.0000
		8640    14.9795   -83.9934     0.0000
		8800    14.8545   -83.5525    -0.0000
		8960    14.7323   -83.0926     0.0000
		9120    14.6175   -82.6334    -0.0000
		9280    14.5141   -82.1911    -0.0000
		9440    14.4278   -81.7927    -0.0000

#OBJECT 2
	*NodeName Bip01Pelvis
	*ANIMATION 0 0 0

#OBJECT 3
	*NodeName Bip01Spine
	*ANIMATION 0 60 60
		0    -0.9404    -0.1599    -0.3001     0.1019
		160    -0.9033    -0.3203    -0.2856     0.1072
		320    -0.8363    -0.4788    -0.2670     0.1182
		480    -0.7636    -0.5969    -0.2460     0.1322
		640    -0.7060    -0.6713    -0.2255     0.1444
		800    -0.6733    -0.7103    -0.2054     0.1500
		960    -0.6726    -0.7171    -0.1827     0.1443
		1120    -0.7035    -0.6946    -0.1506     0.1297
		1280    -0.7595    -0.6425    -0.1014     0.1122
		1440    -0.8430    -0.5374    -0.0233     0.0937
		1600    -0.9378    -0.3321     0.1009     0.0772
		1760    -0.9632     0.0168     0.2684     0.0681
		1920    -0.8170     0.4094     0.4062     0.0713
		2080    -0.5854     0.6683     0.4591     0.0864
		2240    -0.3920     0.7948     0.4632     0.1080
		2400    -0.2544     0.8543     0.4534     0.1320
		2560    -0.1555     0.8835     0.4418     0.1558
		2720    -0.0801     0.8985     0.4317     0.1777
		2880    -0.0182     0.9057     0.4236     0.1964
		3040     0.0370     0.9080     0.4173     0.2111
		3200     0.0904     0.9064     0.4126     0.2207
		3360     0.1521     0.8998     0.4090     0.2251
		3520     0.2286     0.8854     0.4048     0.2255
		3680     0.3187     0.8602     0.3982     0.2235
		3840     0.4198     0.8210     0.3870     0.2206
		4000     0.5268     0.7654     0.3696     0.2183
		4160     0.6325     0.6934     0.3451     0.2177
		4320     0.7289     0.6084     0.3139     0.2196
		4480     0.8096     0.5168     0.2782     0.2242
		4640     0.8716     0.4268     0.2410     0.2309
		4800     0.9158     0.3454     0.2051     0.2388
		4960     0.9450     0.2777     0.1727     0.2467
		5120     0.9630     0.2270     0.1453     0.2534
		5280     0.9730     0.1953     0.1234     0.2576
		5440     0.9769     0.1848     0.1076     0.2584
		5600     0.9742     0.2035     0.0974     0.2533
		5760     0.9624     0.2560     0.0911     0.2419
		5920     0.9359     0.3412     0.0874     0.2267
		6080     0.8853     0.4572     0.0850     0.2106
		6240     0.7988     0.5959     0.0826     0.1966
		6400     0.6700     0.7382     0.0784     0.1877
		6560     0.5082     0.8582     0.0716     0.1852
		6720     0.3384     0.9389     0.0625     0.1884
		6880     0.1861     0.9811     0.0523     0.1944
		7040     0.0655     0.9970     0.0419     0.1998
		7200    -0.0196     0.9993     0.0313     0.2008
		7360    -0.0833     0.9963     0.0203     0.1973
		7520    -0.1419     0.9898     0.0088     0.1916
		7680    -0.1979     0.9802    -0.0038     0.1838
		7840    -0.2537     0.9671    -0.0179     0.1742
		8000    -0.3119     0.9495    -0.0341     0.1631
		8160    -0.3748     0.9256    -0.0532     0.1509
		8320    -0.4450     0.8923    -0.0762     0.1381
		8480    -0.5251     0.8446    -0.1041     0.1252
		8640    -0.6161     0.7756    -0.1375     0.1131
		8800    -0.7156     0.6759    -0.1763     0.1026
		8960    -0.8144     0.5380    -0.2176     0.0947
		9120    -0.8959     0.3634    -0.2557     0.0904
		9280    -0.9437     0.1706    -0.2835     0.0904
		9440    -0.9546    -0.0114    -0.2976     0.0944
		0     9.2137    -0.0020    -0.0214
		160     9.2141    -0.0021    -0.0213
		320     9.2146    -0.0021    -0.0213
		480     9.2151    -0.0022    -0.0213
		640     9.2155    -0.0022    -0.0212
		800     9.2157    -0.0022    -0.0212
		960     9.2156    -0.0021    -0.0212
		1120     9.2153    -0.0020    -0.0213
		1280     9.2149    -0.0018    -0.0213
		1440     9.2145    -0.0017    -0.0214
		1600     9.2140    -0.0015    -0.0214
		1760     9.2134    -0.0014    -0.0214
		1920     9.2128    -0.0012    -0.0214
		2080     9.2122    -0.0011    -0.0214
		2240     9.2116    -0.0009    -0.0214
		2400     9.2110    -0.0008    -0.0213
		2560     9.2105    -0.0006    -0.0212
		2720     9.2100    -0.0004    -0.0212
		2880     9.2096    -0.0002    -0.0211
		3040     9.2093    -0.0000    -0.0211
		3200     9.2092     0.0002    -0.0210
		3360     9.2091     0.0005    -0.0210
		3520     9.2091     0.0009    -0.0210
		3680     9.2093     0.0013    -0.0210
		3840     9.2095     0.0018    -0.0210
		4000     9.2098     0.0023    -0.0210
		4160     9.2101     0.0028    -0.0210
		4320     9.2105     0.0033    -0.0210
		4480     9.2108     0.0038    -0.0210
		4640     9.2112     0.0042    -0.0209
		4800     9.2116     0.0046    -0.0209
		4960     9.2119     0.0049    -0.0208
		5120     9.2121     0.0052    -0.0208
		5280     9.2123     0.0053    -0.0208
		5440     9.2123     0.0054    -0.0208
		5600     9.2123     0.0052    -0.0208
		5760     9.2121     0.0049    -0.0208
		5920     9.2117     0.0045    -0.0209
		6080     9.2113     0.0040    -0.0210
		6240     9.2109     0.0033    -0.0210
		6400     9.2104     0.0027    -0.0211
		6560     9.2100     0.0020    -0.0211
		6720     9.2096     0.0014    -0.0211
		6880     9.2094     0.0008    -0.0211
		7040     9.2092     0.0003    -0.0210
		7200     9.2092    -0.0001    -0.0210
		7360     9.2092    -0.0003    -0.0210
		7520     9.2094    -0.0006    -0.0211
		7680     9.2096    -0.0008    -0.0211
		7840     9.2098    -0.0009    -0.0211
		8000     9.2101    -0.0011    -0.0212
		8160     9.2104    -0.0012    -0.0212
		8320     9.2108    -0.0013    -0.0213
		8480     9.2112    -0.0014    -0.0213
		8640     9.2115    -0.0015    -0.0213
		8800     9.2119    -0.0015    -0.0214
		8960     9.2123    -0.0016    -0.0214
		9120     9.2127    -0.0017    -0.0214
		9280     9.2131    -0.0018    -0.0214
		9440     9.2134    -0.0019    -0.0214

#OBJECT 4
	*NodeName Bip01Spine1
	*ANIMATION 0 60 60
		0    -0.1075    -0.9942    -0.0057     0.2820
		160    -0.1082    -0.9941    -0.0079     0.2844
		320    -0.1096    -0.9939    -0.0126     0.2897
		480    -0.1109    -0.9937    -0.0171     0.2950
		640    -0.1114    -0.9936    -0.0191     0.2975
		800    -0.1106    -0.9937    -0.0163     0.2941
		960    -0.1075    -0.9942    -0.0057     0.2820
		1120    -0.1020    -0.9947     0.0155     0.2620
		1280    -0.0941    -0.9944     0.0491     0.2376
		1440    -0.0828    -0.9917     0.0987     0.2100
		1600    -0.0664    -0.9831     0.1707     0.1806
		1760    -0.0416    -0.9607     0.2745     0.1511
		1920    -0.0035    -0.9063     0.4226     0.1236
		2080     0.0534    -0.7829     0.6198     0.1011
		2240     0.1268    -0.5446     0.8290     0.0872
		2400     0.1946    -0.2140     0.9572     0.0843
		2560     0.2356     0.0912     0.9676     0.0904
		2720     0.2548     0.3030     0.9183     0.1002
		2880     0.2656     0.4334     0.8612     0.1093
		3040     0.2762     0.5095     0.8150     0.1144
		3200     0.2917     0.5477     0.7842     0.1133
		3360     0.3200     0.5479     0.7729     0.1040
		3520     0.3738     0.4957     0.7839     0.0864
		3680     0.4776     0.3334     0.8129     0.0634
		3840     0.6374    -0.1517     0.7554     0.0431
		4000     0.5111    -0.8250     0.2411     0.0470
		4160     0.2589    -0.9544    -0.1487     0.0775
		4320     0.1351    -0.9439    -0.3014     0.1172
		4480     0.0722    -0.9249    -0.3733     0.1592
		4640     0.0362    -0.9091    -0.4150     0.2006
		4800     0.0138    -0.8962    -0.4434     0.2393
		4960    -0.0007    -0.8850    -0.4657     0.2735
		5120    -0.0100    -0.8742    -0.4855     0.3014
		5280    -0.0155    -0.8628    -0.5053     0.3215
		5440    -0.0178    -0.8498    -0.5269     0.3322
		5600    -0.0164    -0.8297    -0.5580     0.3303
		5760    -0.0109    -0.7963    -0.6048     0.3161
		5920    -0.0011    -0.7447    -0.6674     0.2934
		6080     0.0134    -0.6667    -0.7452     0.2661
		6240     0.0332    -0.5519    -0.8333     0.2386
		6400     0.0575    -0.3921    -0.9181     0.2151
		6560     0.0834    -0.1940    -0.9775     0.1992
		6720     0.1057     0.0124    -0.9943     0.1917
		6880     0.1210     0.1870    -0.9749     0.1901
		7040     0.1291     0.3040    -0.9439     0.1900
		7200     0.1312     0.3531    -0.9263     0.1866
		7360     0.1298     0.3524    -0.9268     0.1786
		7520     0.1267     0.3248    -0.9373     0.1677
		7680     0.1212     0.2656    -0.9564     0.1545
		7840     0.1119     0.1659    -0.9798     0.1403
		8000     0.0963     0.0143    -0.9952     0.1270
		8160     0.0718    -0.1938    -0.9784     0.1173
		8320     0.0378    -0.4360    -0.8992     0.1141
		8480    -0.0002    -0.6577    -0.7533     0.1195
		8640    -0.0337    -0.8148    -0.5788     0.1334
		8800    -0.0588    -0.9066    -0.4178     0.1537
		8960    -0.0762    -0.9547    -0.2877     0.1781
		9120    -0.0883    -0.9783    -0.1875     0.2045
		9280    -0.0967    -0.9891    -0.1111     0.2314
		9440    -0.1029    -0.9933    -0.0521     0.2576
		0    26.9605    -0.0006    -0.0193
		160    26.9606    -0.0006    -0.0193
		320    26.9607    -0.0006    -0.0193
		480    26.9608    -0.0007    -0.0193
		640    26.9608    -0.0007    -0.0192
		800    26.9608    -0.0007    -0.0193
		960    26.9605    -0.0006    -0.0193
		1120    26.9602    -0.0005    -0.0194
		1280    26.9597    -0.0004    -0.0196
		1440    26.9591    -0.0003    -0.0197
		1600    26.9585    -0.0002    -0.0198
		1760    26.9579    -0.0001    -0.0199
		1920    26.9572     0.0000    -0.0200
		2080    26.9566     0.0002    -0.0201
		2240    26.9559     0.0003    -0.0201
		2400    26.9553     0.0003    -0.0201
		2560    26.9548     0.0004    -0.0201
		2720    26.9544     0.0005    -0.0201
		2880    26.9540     0.0005    -0.0201
		3040    26.9538     0.0006    -0.0201
		3200    26.9537     0.0006    -0.0201
		3360    26.9538     0.0006    -0.0201
		3520    26.9541     0.0006    -0.0201
		3680    26.9545     0.0006    -0.0201
		3840    26.9551     0.0006    -0.0201
		4000    26.9558     0.0005    -0.0201
		4160    26.9565     0.0004    -0.0201
		4320    26.9572     0.0003    -0.0200
		4480    26.9579     0.0001    -0.0199
		4640    26.9586    -0.0000    -0.0198
		4800    26.9593    -0.0002    -0.0197
		4960    26.9598    -0.0003    -0.0195
		5120    26.9602    -0.0004    -0.0194
		5280    26.9605    -0.0005    -0.0194
		5440    26.9605    -0.0006    -0.0193
		5600    26.9604    -0.0006    -0.0194
		5760    26.9600    -0.0005    -0.0195
		5920    26.9593    -0.0004    -0.0196
		6080    26.9585    -0.0003    -0.0198
		6240    26.9576    -0.0001    -0.0199
		6400    26.9567     0.0001    -0.0200
		6560    26.9558     0.0003    -0.0201
		6720    26.9550     0.0004    -0.0201
		6880    26.9543     0.0005    -0.0201
		7040    26.9539     0.0006    -0.0201
		7200    26.9537     0.0006    -0.0201
		7360    26.9538     0.0006    -0.0201
		7520    26.9539     0.0005    -0.0201
		7680    26.9542     0.0004    -0.0201
		7840    26.9545     0.0003    -0.0201
		8000    26.9550     0.0002    -0.0201
		8160    26.9555     0.0001    -0.0201
		8320    26.9560     0.0000    -0.0201
		8480    26.9566    -0.0001    -0.0201
		8640    26.9572    -0.0002    -0.0200
		8800    26.9578    -0.0003    -0.0199
		8960    26.9584    -0.0004    -0.0198
		9120    26.9590    -0.0004    -0.0197
		9280    26.9595    -0.0005    -0.0196
		9440    26.9601    -0.0006    -0.0195

#OBJECT 5
	*NodeName Bip01Neck
	*ANIMATION 0 0 0

#OBJECT 6
	*NodeName Bip01Head
	*ANIMATION 0 60 0
		0     0.0737     0.9918    -0.1044     1.1284
		160     0.0753     0.9934    -0.0870     1.1473
		320     0.0785     0.9946    -0.0684     1.1737
		480     0.0819     0.9954    -0.0499     1.2004
		640     0.0842     0.9959    -0.0325     1.2201
		800     0.0838     0.9963    -0.0167     1.2257
		960     0.0791     0.9969    -0.0027     1.2101
		1120     0.0700     0.9975     0.0093     1.1765
		1280     0.0578     0.9981     0.0199     1.1340
		1440     0.0421     0.9987     0.0296     1.0847
		1600     0.0224     0.9990     0.0387     1.0305
		1760    -0.0017     0.9989     0.0479     0.9734
		1920    -0.0308     0.9979     0.0575     0.9156
		2080    -0.0649     0.9956     0.0681     0.8589
		2240    -0.1039     0.9913     0.0803     0.8056
		2400    -0.1471     0.9846     0.0946     0.7574
		2560    -0.1929     0.9749     0.1117     0.7163
		2720    -0.2385     0.9622     0.1319     0.6837
		2880    -0.2803     0.9472     0.1556     0.6610
		3040    -0.3144     0.9315     0.1828     0.6492
		3200    -0.3367     0.9172     0.2132     0.6490
		3360    -0.3454     0.9055     0.2464     0.6625
		3520    -0.3420     0.8967     0.2811     0.6895
		3680    -0.3290     0.8902     0.3150     0.7275
		3840    -0.3094     0.8856     0.3465     0.7743
		4000    -0.2858     0.8819     0.3749     0.8275
		4160    -0.2547     0.8888     0.3809     0.8711
		4320    -0.2168     0.9086     0.3570     0.8986
		4480    -0.1795     0.9311     0.3177     0.9215
		4640    -0.1499     0.9486     0.2787     0.9486
		4800    -0.1340     0.9570     0.2571     0.9849
		4960    -0.1277     0.9600     0.2490     1.0237
		5120    -0.1239     0.9631     0.2389     1.0539
		5280    -0.1221     0.9664     0.2261     1.0731
		5440    -0.1219     0.9702     0.2094     1.0792
		5600    -0.1211     0.9746     0.1882     1.0667
		5760    -0.1172     0.9798     0.1622     1.0348
		5920    -0.1091     0.9854     0.1306     0.9886
		6080    -0.0960     0.9910     0.0932     0.9334
		6240    -0.0770     0.9958     0.0497     0.8741
		6400    -0.0518     0.9987     0.0004     0.8158
		6560    -0.0212     0.9983    -0.0536     0.7632
		6720     0.0124     0.9939    -0.1100     0.7204
		6880     0.0444     0.9853    -0.1649     0.6913
		7040     0.0687     0.9746    -0.2133     0.6784
		7200     0.0793     0.9650    -0.2500     0.6840
		7360     0.0781     0.9580    -0.2759     0.7031
		7520     0.0657     0.9553    -0.2883     0.7260
		7680     0.0409     0.9579    -0.2842     0.7505
		7840     0.0097     0.9635    -0.2676     0.7773
		8000    -0.0229     0.9698    -0.2427     0.8071
		8160    -0.0523     0.9756    -0.2133     0.8402
		8320    -0.0749     0.9802    -0.1836     0.8764
		8480    -0.0880     0.9836    -0.1573     0.9147
		8640    -0.0902     0.9863    -0.1381     0.9541
		8800    -0.0788     0.9890    -0.1252     0.9912
		8960    -0.0555     0.9917    -0.1159     1.0240
		9120    -0.0246     0.9936    -0.1098     1.0534
		9280     0.0096     0.9943    -0.1065     1.0804
		9440     0.0435     0.9935    -0.1050     1.1053

#OBJECT 7
	*NodeName Bip01HeadNub
	*ANIMATION 0 0 0

#OBJECT 8
	*NodeName Bone01
	*ANIMATION 0 60 0
		0    -0.5850    -0.0000    -0.8111     3.1416
		160    -0.5748    -0.0000    -0.8183     3.1416
		320    -0.5646     0.0000    -0.8254     3.1416
		480    -0.5542    -0.0000    -0.8324     3.1416
		640    -0.5438     0.0000    -0.8392     3.1416
		800    -0.5333    -0.0000    -0.8459     3.1416
		960    -0.5227    -0.0000    -0.8525     3.1416
		1120    -0.5121    -0.0000    -0.8590     3.1416
		1280    -0.5227    -0.0000    -0.8525     3.1416
		1440    -0.5333     0.0000    -0.8459     3.1416
		1600    -0.5438    -0.0000    -0.8392     3.1416
		1760    -0.5542     0.0000    -0.8324     3.1416
		1920    -0.5646    -0.0000    -0.8254     3.1416
		2080    -0.5748    -0.0000    -0.8183     3.1416
		2240    -0.5850    -0.0000    -0.8111     3.1416
		2400    -0.5635    -0.0000    -0.8261     3.1416
		2560    -0.5417     0.0000    -0.8406     3.1416
		2720    -0.5195    -0.0000    -0.8545     3.1416
		2880    -0.4970     0.0000    -0.8678     3.1416
		3040    -0.4741     0.0000    -0.8805     3.1416
		3200    -0.5121    -0.0000    -0.8590     3.1416
		3360    -0.5490     0.0000    -0.8358     3.1416
		3520    -0.5850    -0.0000    -0.8111     3.1416
		3680    -0.5850     0.0000    -0.8111     3.1416
		3840    -0.5850     0.0000    -0.8111     3.1416
		4000    -0.5850    -0.0000    -0.8111     3.1416
		4160    -0.5850     0.0000    -0.8111     3.1416
		4320    -0.5850    -0.0000    -0.8111     3.1416
		4480    -0.5850     0.0000    -0.8111     3.1416
		4640    -0.5850    -0.0000    -0.8111     3.1416
		4800    -0.5850    -0.0000    -0.8111     3.1416
		4960    -0.5850    -0.0000    -0.8111     3.1416
		5120    -0.5850    -0.0000    -0.8111     3.1416
		5280    -0.5850    -0.0000    -0.8111     3.1416
		5440    -0.5850     0.0000    -0.8111     3.1416
		5600    -0.5850     0.0000    -0.8111     3.1416
		5760    -0.5850    -0.0000    -0.8111     3.1416
		5920    -0.5850    -0.0000    -0.8111     3.1416
		6080    -0.5850     0.0000    -0.8111     3.1416
		6240    -0.5850    -0.0000    -0.8111     3.1416
		6400    -0.5599    -0.0000    -0.8285     3.1416
		6560    -0.5344     0.0000    -0.8453     3.1416
		6720    -0.5083    -0.0000    -0.8612     3.1416
		6880    -0.4818     0.0000    -0.8763     3.1416
		7040    -0.4548     0.0000    -0.8906     3.1416
		7200    -0.4587     0.0000    -0.8886     3.1416
		7360    -0.4625     0.0000    -0.8866     3.1416
		7520    -0.4664    -0.0000    -0.8846     3.1416
		7680    -0.4703     0.0000    -0.8825     3.1416
		7840    -0.4741     0.0000    -0.8805     3.1416
		8000    -0.4845    -0.0000    -0.8748     3.1416
		8160    -0.4949     0.0000    -0.8689     3.1416
		8320    -0.5052     0.0000    -0.8630     3.1416
		8480    -0.5155    -0.0000    -0.8569     3.1416
		8640    -0.5256    -0.0000    -0.8507     3.1416
		8800    -0.5357    -0.0000    -0.8444     3.1416
		8960    -0.5457    -0.0000    -0.8380     3.1416
		9120    -0.5556    -0.0000    -0.8314     3.1416
		9280    -0.5655     0.0000    -0.8247     3.1416
		9440    -0.5753     0.0000    -0.8180     3.1416

#OBJECT 9
	*NodeName Bip01LClavicle
	*ANIMATION 0 0 0

#OBJECT 10
	*NodeName Bip01LUpperArm
	*ANIMATION 0 60 0
		0     0.1944    -0.4623    -0.8651     0.9012
		160     0.2225    -0.4202    -0.8797     0.8952
		320     0.2547    -0.3690    -0.8939     0.8927
		480     0.2865    -0.3160    -0.9045     0.8931
		640     0.3138    -0.2689    -0.9106     0.8939
		800     0.3332    -0.2356    -0.9130     0.8915
		960     0.3416    -0.2232    -0.9129     0.8819
		1120     0.3405    -0.2289    -0.9119     0.8645
		1280     0.3338    -0.2439    -0.9106     0.8421
		1440     0.3214    -0.2670    -0.9085     0.8163
		1600     0.3035    -0.2974    -0.9052     0.7887
		1760     0.2801    -0.3338    -0.9001     0.7609
		1920     0.2517    -0.3747    -0.8923     0.7344
		2080     0.2193    -0.4179    -0.8816     0.7105
		2240     0.1843    -0.4611    -0.8680     0.6902
		2400     0.1490    -0.5018    -0.8520     0.6741
		2560     0.1161    -0.5375    -0.8353     0.6621
		2720     0.0884    -0.5659    -0.8197     0.6540
		2880     0.0689    -0.5854    -0.8078     0.6491
		3040     0.0606    -0.5937    -0.8024     0.6469
		3200     0.0662    -0.5886    -0.8057     0.6471
		3360     0.0895    -0.5692    -0.8173     0.6508
		3520     0.1301    -0.5369    -0.8335     0.6597
		3680     0.1827    -0.4941    -0.8500     0.6751
		3840     0.2416    -0.4439    -0.8629     0.6983
		4000     0.3009    -0.3905    -0.8700     0.7295
		4160     0.3561    -0.3380    -0.8712     0.7682
		4320     0.4042    -0.2900    -0.8675     0.8126
		4480     0.4438    -0.2491    -0.8608     0.8606
		4640     0.4744    -0.2167    -0.8532     0.9092
		4800     0.4965    -0.1934    -0.8462     0.9557
		4960     0.5106    -0.1795    -0.8409     0.9968
		5120     0.5171    -0.1747    -0.8379     1.0297
		5280     0.5163    -0.1784    -0.8376     1.0523
		5440     0.5077    -0.1908    -0.8402     1.0627
		5600     0.4871    -0.2133    -0.8469     1.0584
		5760     0.4518    -0.2460    -0.8575     1.0410
		5920     0.4022    -0.2868    -0.8694     1.0155
		6080     0.3392    -0.3335    -0.8796     0.9872
		6240     0.2647    -0.3830    -0.8850     0.9607
		6400     0.1824    -0.4316    -0.8834     0.9396
		6560     0.0983    -0.4755    -0.8742     0.9261
		6720     0.0197    -0.5117    -0.8589     0.9201
		6880    -0.0464    -0.5386    -0.8413     0.9199
		7040    -0.0945    -0.5569    -0.8252     0.9226
		7200    -0.1204    -0.5680    -0.8142     0.9249
		7360    -0.1293    -0.5742    -0.8084     0.9254
		7520    -0.1297    -0.5782    -0.8055     0.9242
		7680    -0.1228    -0.5800    -0.8053     0.9215
		7840    -0.1093    -0.5797    -0.8075     0.9177
		8000    -0.0902    -0.5772    -0.8116     0.9133
		8160    -0.0664    -0.5725    -0.8172     0.9088
		8320    -0.0388    -0.5655    -0.8238     0.9045
		8480    -0.0083    -0.5564    -0.8309     0.9009
		8640     0.0238    -0.5451    -0.8380     0.8983
		8800     0.0566    -0.5322    -0.8447     0.8967
		8960     0.0890    -0.5180    -0.8507     0.8963
		9120     0.1198    -0.5032    -0.8558     0.8969
		9280     0.1482    -0.4884    -0.8599     0.8981
		9440     0.1733    -0.4745    -0.8630     0.8997

#OBJECT 11
	*NodeName Bip01LForearm
	*ANIMATION 0 60 0
		0     0.0000     1.0000     0.0000     0.8122
		160    -0.0000     1.0000    -0.0000     0.8470
		320    -0.0000     1.0000    -0.0000     0.8849
		480     0.0000     1.0000     0.0000     0.9250
		640     0.0000     1.0000     0.0000     0.9670
		800     0.0000     1.0000     0.0000     1.0101
		960    -0.0000     1.0000     0.0000     1.0538
		1120     0.0000     1.0000    -0.0000     1.0975
		1280     0.0000     1.0000     0.0000     1.1406
		1440    -0.0000     1.0000    -0.0000     1.1826
		1600    -0.0000     1.0000    -0.0000     1.2227
		1760     0.0000     1.0000    -0.0000     1.2605
		1920     0.0000     1.0000     0.0000     1.2954
		2080     0.0000     1.0000     0.0000     1.3268
		2240    -0.0000     1.0000    -0.0000     1.3540
		2400     0.0000     1.0000     0.0000     1.3765
		2560    -0.0000     1.0000    -0.0000     1.3937
		2720    -0.0000     1.0000    -0.0000     1.4050
		2880     0.0000     1.0000    -0.0000     1.4099
		3040     0.0000     1.0000    -0.0000     1.4007
		3200    -0.0000     1.0000    -0.0000     1.3727
		3360     0.0000     1.0000     0.0000     1.3294
		3520    -0.0000     1.0000    -0.0000     1.2746
		3680     0.0000     1.0000     0.0000     1.2119
		3840     0.0000     1.0000    -0.0000     1.1449
		4000     0.0000     1.0000     0.0000     1.0771
		4160     0.0000     1.0000     0.0000     1.0122
		4320    -0.0000     1.0000    -0.0000     0.9539
		4480     0.0000     1.0000     0.0000     0.9058
		4640    -0.0000     1.0000     0.0000     0.8715
		4800    -0.0000     1.0000     0.0000     0.8545
		4960     0.0000     1.0000     0.0000     0.8551
		5120    -0.0000     1.0000    -0.0000     0.8691
		5280     0.0000     1.0000    -0.0000     0.8942
		5440    -0.0000     1.0000     0.0000     0.9281
		5600    -0.0000     1.0000     0.0000     0.9683
		5760     0.0000     1.0000     0.0000     1.0125
		5920     0.0000     1.0000    -0.0000     1.0583
		6080     0.0000     1.0000     0.0000     1.1034
		6240     0.0000     1.0000     0.0000     1.1454
		6400     0.0000     1.0000    -0.0000     1.1818
		6560     0.0000     1.0000     0.0000     1.2104
		6720    -0.0000     1.0000     0.0000     1.2287
		6880    -0.0000     1.0000     0.0000     1.2344
		7040     0.0000     1.0000    -0.0000     1.2303
		7200    -0.0000     1.0000    -0.0000     1.2212
		7360    -0.0000     1.0000     0.0000     1.2076
		7520    -0.0000     1.0000     0.0000     1.1899
		7680    -0.0000     1.0000    -0.0000     1.1686
		7840    -0.0000     1.0000    -0.0000     1.1442
		8000    -0.0000     1.0000    -0.0000     1.1173
		8160    -0.0000     1.0000    -0.0000     1.0882
		8320     0.0000     1.0000     0.0000     1.0576
		8480    -0.0000     1.0000    -0.0000     1.0258
		8640     0.0000     1.0000     0.0000     0.9933
		8800    -0.0000     1.0000    -0.0000     0.9607
		8960    -0.0000     1.0000    -0.0000     0.9284
		9120    -0.0000     1.0000     0.0000     0.8969
		9280     0.0000     1.0000     0.0000     0.8667
		9440    -0.0000     1.0000     0.0000     0.8383

#OBJECT 12
	*NodeName Bip01LHand
	*ANIMATION 0 60 0
		0     0.8059    -0.5695    -0.1620     1.1082
		160     0.8175    -0.5552    -0.1534     1.0938
		320     0.8301    -0.5388    -0.1437     1.0784
		480     0.8434    -0.5205    -0.1329     1.0624
		640     0.8573    -0.5004    -0.1212     1.0462
		800     0.8713    -0.4786    -0.1087     1.0302
		960     0.8851    -0.4555    -0.0955     1.0147
		1120     0.8985    -0.4313    -0.0818     0.9999
		1280     0.9111    -0.4065    -0.0680     0.9862
		1440     0.9228    -0.3814    -0.0541     0.9737
		1600     0.9334    -0.3566    -0.0406     0.9626
		1760     0.9426    -0.3327    -0.0277     0.9529
		1920     0.9505    -0.3103    -0.0157     0.9446
		2080     0.9570    -0.2900    -0.0049     0.9378
		2240     0.9621    -0.2726     0.0043     0.9324
		2400     0.9659    -0.2586     0.0116     0.9284
		2560     0.9684    -0.2487     0.0168     0.9257
		2720     0.9697    -0.2435     0.0195     0.9244
		2880     0.9697    -0.2435     0.0195     0.9244
		3040     0.9672    -0.2534     0.0143     0.9270
		3200     0.9611    -0.2761     0.0024     0.9335
		3360     0.9511    -0.3085    -0.0147     0.9440
		3520     0.9370    -0.3475    -0.0357     0.9588
		3680     0.9189    -0.3901    -0.0589     0.9779
		3840     0.8974    -0.4334    -0.0830     1.0011
		4000     0.8735    -0.4751    -0.1066     1.0277
		4160     0.8485    -0.5133    -0.1287     1.0564
		4320     0.8239    -0.5469    -0.1485     1.0859
		4480     0.8011    -0.5751    -0.1655     1.1142
		4640     0.7816    -0.5976    -0.1791     1.1396
		4800     0.7663    -0.6139    -0.1892     1.1599
		4960     0.7541    -0.6265    -0.1971     1.1766
		5120     0.7429    -0.6376    -0.2041     1.1924
		5280     0.7326    -0.6474    -0.2103     1.2071
		5440     0.7233    -0.6560    -0.2157     1.2206
		5600     0.7151    -0.6634    -0.2205     1.2328
		5760     0.7079    -0.6697    -0.2246     1.2436
		5920     0.7017    -0.6750    -0.2280     1.2529
		6080     0.6967    -0.6792    -0.2308     1.2607
		6240     0.6927    -0.6825    -0.2330     1.2668
		6400     0.6899    -0.6849    -0.2345     1.2713
		6560     0.6882    -0.6863    -0.2354     1.2739
		6720     0.6877    -0.6867    -0.2357     1.2747
		6880     0.6883    -0.6861    -0.2354     1.2737
		7040     0.6902    -0.6846    -0.2343     1.2707
		7200     0.6933    -0.6821    -0.2327     1.2659
		7360     0.6974    -0.6786    -0.2304     1.2595
		7520     0.7025    -0.6743    -0.2276     1.2517
		7680     0.7085    -0.6691    -0.2242     1.2426
		7840     0.7152    -0.6632    -0.2204     1.2325
		8000     0.7226    -0.6566    -0.2162     1.2216
		8160     0.7305    -0.6493    -0.2115     1.2101
		8320     0.7388    -0.6415    -0.2065     1.1981
		8480     0.7474    -0.6331    -0.2012     1.1859
		8640     0.7562    -0.6243    -0.1957     1.1737
		8800     0.7651    -0.6152    -0.1900     1.1616
		8960     0.7739    -0.6059    -0.1843     1.1497
		9120     0.7825    -0.5965    -0.1785     1.1383
		9280     0.7908    -0.5872    -0.1728     1.1275
		9440     0.7986    -0.5781    -0.1673     1.1175

#OBJECT 13
	*NodeName Bip01RClavicle
	*ANIMATION 0 0 0

#OBJECT 14
	*NodeName Bip01RUpperArm
	*ANIMATION 0 60 0
		0    -0.5676    -0.0107     0.8233     0.9906
		160    -0.5835    -0.0327     0.8114     1.0060
		320    -0.6042    -0.0522     0.7951     1.0265
		480    -0.6237    -0.0716     0.7784     1.0493
		640    -0.6372    -0.0938     0.7649     1.0706
		800    -0.6408    -0.1217     0.7580     1.0862
		960    -0.6303    -0.1587     0.7600     1.0919
		1120    -0.6068    -0.2040     0.7682     1.0902
		1280    -0.5746    -0.2537     0.7781     1.0864
		1440    -0.5341    -0.3063     0.7880     1.0816
		1600    -0.4856    -0.3599     0.7967     1.0769
		1760    -0.4297    -0.4127     0.8031     1.0732
		1920    -0.3677    -0.4627     0.8067     1.0712
		2080    -0.3009    -0.5079     0.8072     1.0715
		2240    -0.2311    -0.5476     0.8042     1.0747
		2400    -0.1611    -0.5819     0.7972     1.0813
		2560    -0.0938    -0.6098     0.7870     1.0906
		2720    -0.0315    -0.6313     0.7749     1.1014
		2880     0.0233    -0.6467     0.7624     1.1120
		3040     0.0692    -0.6567     0.7510     1.1204
		3200     0.1046    -0.6619     0.7423     1.1245
		3360     0.1287    -0.6623     0.7381     1.1212
		3520     0.1424    -0.6581     0.7394     1.1093
		3680     0.1473    -0.6503     0.7453     1.0893
		3840     0.1442    -0.6397     0.7550     1.0624
		4000     0.1341    -0.6266     0.7677     1.0297
		4160     0.1175    -0.6114     0.7826     0.9928
		4320     0.0949    -0.5945     0.7985     0.9533
		4480     0.0671    -0.5762     0.8145     0.9129
		4640     0.0350    -0.5571     0.8297     0.8733
		4800    -0.0002    -0.5379     0.8430     0.8360
		4960    -0.0371    -0.5182     0.8545     0.8020
		5120    -0.0728    -0.4980     0.8641     0.7721
		5280    -0.1034    -0.4799     0.8712     0.7474
		5440    -0.1246    -0.4669     0.8755     0.7287
		5600    -0.1299    -0.4669     0.8747     0.7170
		5760    -0.1179    -0.4837     0.8672     0.7118
		5920    -0.0926    -0.5130     0.8534     0.7127
		6080    -0.0583    -0.5499     0.8332     0.7196
		6240    -0.0195    -0.5893     0.8077     0.7319
		6400     0.0193    -0.6269     0.7788     0.7486
		6560     0.0545    -0.6597     0.7495     0.7678
		6720     0.0831    -0.6857     0.7231     0.7875
		6880     0.1019    -0.7029     0.7040     0.8043
		7040     0.1076    -0.7096     0.6963     0.8146
		7200     0.0975    -0.7043     0.7032     0.8158
		7360     0.0745    -0.6886     0.7213     0.8111
		7520     0.0439    -0.6664     0.7443     0.8051
		7680     0.0062    -0.6371     0.7708     0.7990
		7840    -0.0382    -0.6005     0.7987     0.7941
		8000    -0.0883    -0.5568     0.8260     0.7915
		8160    -0.1427    -0.5062     0.8505     0.7924
		8320    -0.1999    -0.4500     0.8704     0.7976
		8480    -0.2578    -0.3897     0.8841     0.8077
		8640    -0.3146    -0.3273     0.8910     0.8229
		8800    -0.3686    -0.2650     0.8910     0.8430
		8960    -0.4184    -0.2047     0.8849     0.8675
		9120    -0.4634    -0.1482     0.8737     0.8955
		9280    -0.5032    -0.0965     0.8587     0.9262
		9440    -0.5379    -0.0506     0.8415     0.9583

#OBJECT 15
	*NodeName Bip01RForearm
	*ANIMATION 0 60 0
		0    -0.0000     1.0000     0.0000     1.0291
		160    -0.0000     1.0000    -0.0000     1.0153
		320    -0.0000     1.0000    -0.0000     0.9985
		480    -0.0000     1.0000    -0.0000     0.9797
		640    -0.0000     1.0000     0.0000     0.9597
		800     0.0000     1.0000     0.0000     0.9393
		960     0.0000     1.0000    -0.0000     0.9196
		1120    -0.0000     1.0000    -0.0000     0.9014
		1280    -0.0000     1.0000     0.0000     0.8855
		1440    -0.0000     1.0000     0.0000     0.8729
		1600    -0.0000     1.0000     0.0000     0.8645
		1760     0.0000     1.0000     0.0000     0.8611
		1920    -0.0000     1.0000    -0.0000     0.8637
		2080    -0.0000     1.0000     0.0000     0.8731
		2240     0.0000     1.0000     0.0000     0.8905
		2400     0.0000     1.0000     0.0000     0.9155
		2560     0.0000     1.0000    -0.0000     0.9470
		2720     0.0000     1.0000     0.0000     0.9838
		2880     0.0000     1.0000    -0.0000     1.0249
		3040     0.0000     1.0000     0.0000     1.0689
		3200    -0.0000     1.0000    -0.0000     1.1149
		3360    -0.0000     1.0000     0.0000     1.1615
		3520     0.0000     1.0000    -0.0000     1.2078
		3680     0.0000     1.0000     0.0000     1.2524
		3840    -0.0000     1.0000    -0.0000     1.2943
		4000     0.0000     1.0000    -0.0000     1.3322
		4160    -0.0000     1.0000    -0.0000     1.3652
		4320     0.0000     1.0000    -0.0000     1.3918
		4480     0.0000     1.0000     0.0000     1.4112
		4640    -0.0000     1.0000     0.0000     1.4219
		4800    -0.0000     1.0000    -0.0000     1.4230
		4960     0.0000     1.0000     0.0000     1.4074
		5120    -0.0000     1.0000     0.0000     1.3713
		5280    -0.0000     1.0000     0.0000     1.3187
		5440    -0.0000     1.0000     0.0000     1.2536
		5600    -0.0000     1.0000    -0.0000     1.1799
		5760    -0.0000     1.0000    -0.0000     1.1015
		5920     0.0000     1.0000     0.0000     1.0223
		6080    -0.0000     1.0000    -0.0000     0.9464
		6240    -0.0000     1.0000    -0.0000     0.8775
		6400    -0.0000     1.0000     0.0000     0.8197
		6560    -0.0000     1.0000    -0.0000     0.7769
		6720     0.0000     1.0000     0.0000     0.7530
		6880     0.0000     1.0000    -0.0000     0.7429
		7040     0.0000     1.0000    -0.0000     0.7387
		7200    -0.0000     1.0000     0.0000     0.7397
		7360    -0.0000     1.0000    -0.0000     0.7455
		7520    -0.0000     1.0000    -0.0000     0.7554
		7680    -0.0000     1.0000     0.0000     0.7691
		7840    -0.0000     1.0000     0.0000     0.7859
		8000    -0.0000     1.0000    -0.0000     0.8054
		8160    -0.0000     1.0000    -0.0000     0.8270
		8320     0.0000     1.0000     0.0000     0.8501
		8480     0.0000     1.0000    -0.0000     0.8743
		8640     0.0000     1.0000    -0.0000     0.8991
		8800    -0.0000     1.0000    -0.0000     0.9238
		8960     0.0000     1.0000    -0.0000     0.9480
		9120    -0.0000     1.0000     0.0000     0.9712
		9280     0.0000     1.0000     0.0000     0.9928
		9440    -0.0000     1.0000    -0.0000     1.0122

#OBJECT 16
	*NodeName Bip01RHand
	*ANIMATION 0 60 0
		0    -0.8059    -0.5695     0.1620     1.1082
		160    -0.8208    -0.5428     0.1781     1.0917
		320    -0.8357    -0.5127     0.1968     1.0758
		480    -0.8502    -0.4795     0.2174     1.0608
		640    -0.8636    -0.4438     0.2390     1.0472
		800    -0.8757    -0.4062     0.2610     1.0353
		960    -0.8861    -0.3675     0.2823     1.0253
		1120    -0.8948    -0.3287     0.3022     1.0170
		1280    -0.9018    -0.2906     0.3198     1.0103
		1440    -0.9074    -0.2544     0.3344     1.0048
		1600    -0.9120    -0.2211     0.3454     1.0003
		1760    -0.9161    -0.1916     0.3522     0.9960
		1920    -0.9201    -0.1670     0.3542     0.9916
		2080    -0.9247    -0.1482     0.3508     0.9866
		2240    -0.9302    -0.1334     0.3418     0.9804
		2400    -0.9370    -0.1205     0.3280     0.9728
		2560    -0.9445    -0.1093     0.3097     0.9644
		2720    -0.9526    -0.1000     0.2874     0.9555
		2880    -0.9608    -0.0924     0.2615     0.9464
		3040    -0.9687    -0.0868     0.2327     0.9376
		3200    -0.9760    -0.0830     0.2015     0.9293
		3360    -0.9823    -0.0812     0.1685     0.9218
		3520    -0.9875    -0.0814     0.1347     0.9154
		3680    -0.9914    -0.0837     0.1008     0.9103
		3840    -0.9938    -0.0881     0.0678     0.9064
		4000    -0.9948    -0.0946     0.0365     0.9038
		4160    -0.9946    -0.1032     0.0078     0.9024
		4320    -0.9933    -0.1139    -0.0173     0.9022
		4480    -0.9912    -0.1267    -0.0380     0.9029
		4640    -0.9885    -0.1416    -0.0535     0.9045
		4800    -0.9853    -0.1585    -0.0630     0.9068
		4960    -0.9812    -0.1824    -0.0637     0.9107
		5120    -0.9748    -0.2165    -0.0546     0.9173
		5280    -0.9654    -0.2579    -0.0376     0.9271
		5440    -0.9527    -0.3037    -0.0147     0.9406
		5600    -0.9363    -0.3509     0.0120     0.9578
		5760    -0.9169    -0.3970     0.0405     0.9786
		5920    -0.8954    -0.4399     0.0689     1.0022
		6080    -0.8731    -0.4780     0.0956     1.0272
		6240    -0.8516    -0.5105     0.1192     1.0523
		6400    -0.8323    -0.5367     0.1386     1.0754
		6560    -0.8166    -0.5565     0.1532     1.0947
		6720    -0.8059    -0.5695     0.1620     1.1082
		6880    -0.7989    -0.5778     0.1671     1.1172
		7040    -0.7934    -0.5842     0.1709     1.1241
		7200    -0.7894    -0.5887     0.1737     1.1293
		7360    -0.7868    -0.5918     0.1756     1.1328
		7520    -0.7853    -0.5934     0.1766     1.1347
		7680    -0.7848    -0.5939     0.1769     1.1353
		7840    -0.7852    -0.5935     0.1766     1.1348
		8000    -0.7864    -0.5922     0.1758     1.1333
		8160    -0.7881    -0.5902     0.1746     1.1310
		8320    -0.7903    -0.5878     0.1731     1.1282
		8480    -0.7928    -0.5849     0.1714     1.1250
		8640    -0.7954    -0.5819     0.1696     1.1216
		8800    -0.7980    -0.5789     0.1677     1.1183
		8960    -0.8004    -0.5760     0.1660     1.1151
		9120    -0.8026    -0.5734     0.1644     1.1124
		9280    -0.8043    -0.5713     0.1632     1.1102
		9440    -0.8055    -0.5700     0.1623     1.1087

#OBJECT 17
	*NodeName Bip01LThigh
	*ANIMATION 0 60 60
		0    -0.3576     0.0696    -0.9313     3.2331
		160    -0.3564     0.0689    -0.9318     3.2333
		320    -0.3555     0.0682    -0.9322     3.2326
		480    -0.3530     0.0675    -0.9332     3.2319
		640    -0.3470     0.0664    -0.9355     3.2324
		800    -0.3358     0.0650    -0.9397     3.2352
		960    -0.3174     0.0628    -0.9462     3.2411
		1120    -0.2932     0.0602    -0.9542     3.2497
		1280    -0.2659     0.0577    -0.9623     3.2595
		1440    -0.2361     0.0550    -0.9702     3.2703
		1600    -0.2045     0.0521    -0.9775     3.2819
		1760    -0.1717     0.0489    -0.9839     3.2940
		1920    -0.1384     0.0454    -0.9893     3.3062
		2080    -0.1056     0.0415    -0.9935     3.3184
		2240    -0.0743     0.0372    -0.9965     3.3302
		2400    -0.0455     0.0326    -0.9984     3.3413
		2560    -0.0207     0.0278    -0.9994     3.3515
		2720    -0.0022     0.0229    -0.9997     3.3604
		2880     0.0090     0.0182    -0.9998     3.3681
		3040     0.0143     0.0133    -0.9998     3.3743
		3200     0.0148     0.0080    -0.9999     3.3790
		3360     0.0114     0.0016    -0.9999     3.3823
		3520     0.0051    -0.0065    -1.0000     3.3845
		3680    -0.0032    -0.0161    -0.9999     3.3857
		3840    -0.0127    -0.0267    -0.9996     3.3861
		4000    -0.0229    -0.0381    -0.9990     3.3858
		4160    -0.0329    -0.0499    -0.9982     3.3847
		4320    -0.0423    -0.0618    -0.9972     3.3830
		4480    -0.0504    -0.0733    -0.9960     3.3805
		4640    -0.0567    -0.0843    -0.9948     3.3774
		4800    -0.0605    -0.0943    -0.9937     3.3735
		4960    -0.0613    -0.1029    -0.9928     3.3690
		5120    -0.0720    -0.1082    -0.9915     3.3672
		5280    -0.0809    -0.1112    -0.9905     3.3666
		5440    -0.0858    -0.1115    -0.9900     3.3667
		5600    -0.0914    -0.1075    -0.9900     3.3680
		5760    -0.0950    -0.0990    -0.9905     3.3691
		5920    -0.0971    -0.0867    -0.9915     3.3697
		6080    -0.0981    -0.0717    -0.9926     3.3694
		6240    -0.0987    -0.0549    -0.9936     3.3681
		6400    -0.0991    -0.0372    -0.9944     3.3655
		6560    -0.0997    -0.0195    -0.9948     3.3616
		6720    -0.1006    -0.0029    -0.9949     3.3564
		6880    -0.1094     0.0127    -0.9939     3.3517
		7040    -0.1224     0.0259    -0.9921     3.3469
		7200    -0.1396     0.0355    -0.9896     3.3425
		7360    -0.1593     0.0425    -0.9863     3.3385
		7520    -0.1803     0.0484    -0.9824     3.3341
		7680    -0.2025     0.0531    -0.9778     3.3294
		7840    -0.2248     0.0569    -0.9727     3.3245
		8000    -0.2455     0.0598    -0.9675     3.3202
		8160    -0.2655     0.0619    -0.9621     3.3162
		8320    -0.2887     0.0637    -0.9553     3.3091
		8480    -0.3112     0.0650    -0.9481     3.3012
		8640    -0.3322     0.0661    -0.9409     3.2927
		8800    -0.3496     0.0669    -0.9345     3.2833
		8960    -0.3574     0.0672    -0.9315     3.2750
		9120    -0.3566     0.0671    -0.9319     3.2659
		9280    -0.3499     0.0671    -0.9344     3.2558
		9440    -0.3512     0.0680    -0.9338     3.2442
		0    -9.4461     7.6829     0.9258
		160    -9.4352     7.6735     1.1022
		320    -9.4240     7.6526     1.3251
		480    -9.4078     7.6313     1.5477
		640    -9.3858     7.6214     1.7231
		800    -9.3598     7.6348     1.8046
		960    -9.3313     7.6829     1.7457
		1120    -9.2975     7.7596     1.5768
		1280    -9.2553     7.8492     1.3644
		1440    -9.2033     7.9483     1.1160
		1600    -9.1403     8.0536     0.8391
		1760    -9.0660     8.1616     0.5414
		1920    -8.9805     8.2693     0.2303
		2080    -8.8852     8.3735    -0.0867
		2240    -8.7825     8.4713    -0.4024
		2400    -8.6756     8.5600    -0.7099
		2560    -8.5688     8.6372    -1.0026
		2720    -8.4672     8.7007    -1.2740
		2880    -8.3765     8.7486    -1.5182
		3040    -8.3028     8.7791    -1.7292
		3200    -8.2522     8.7909    -1.9010
		3360    -8.2275     8.7824    -2.0408
		3520    -8.2261     8.7546    -2.1608
		3680    -8.2460     8.7101    -2.2618
		3840    -8.2842     8.6517    -2.3441
		4000    -8.3376     8.5822    -2.4083
		4160    -8.4029     8.5048    -2.4552
		4320    -8.4764     8.4225    -2.4860
		4480    -8.5545     8.3382    -2.5022
		4640    -8.6338     8.2549    -2.5059
		4800    -8.7107     8.1757    -2.4997
		4960    -8.7819     8.1032    -2.4866
		5120    -8.8444     8.0402    -2.4700
		5280    -8.8951     7.9892    -2.4532
		5440    -8.9313     7.9529    -2.4399
		5600    -8.9523     7.9332    -2.4271
		5760    -8.9614     7.9285    -2.4088
		5920    -8.9614     7.9362    -2.3836
		6080    -8.9554     7.9531    -2.3498
		6240    -8.9464     7.9762    -2.3058
		6400    -8.9373     8.0023    -2.2503
		6560    -8.9311     8.0283    -2.1822
		6720    -8.9303     8.0509    -2.1012
		6880    -8.9373     8.0675    -2.0068
		7040    -8.9540     8.0754    -1.8991
		7200    -8.9816     8.0726    -1.7780
		7360    -9.0169     8.0621    -1.6437
		7520    -9.0555     8.0478    -1.4973
		7680    -9.0960     8.0301    -1.3402
		7840    -9.1375     8.0095    -1.1734
		8000    -9.1788     7.9864    -0.9982
		8160    -9.2191     7.9612    -0.8158
		8320    -9.2575     7.9343    -0.6275
		8480    -9.2932     7.9059    -0.4345
		8640    -9.3257     7.8764    -0.2383
		8800    -9.3548     7.8459    -0.0402
		8960    -9.3800     7.8147     0.1582
		9120    -9.4016     7.7829     0.3556
		9280    -9.4195     7.7503     0.5503
		9440    -9.4342     7.7170     0.7409

#OBJECT 18
	*NodeName Bip01LCalf
	*ANIMATION 0 60 0
		0     0.0000     1.0000    -0.0000     0.5318
		160    -0.0000     1.0000    -0.0000     0.5391
		320     0.0000     1.0000     0.0000     0.5410
		480     0.0000     1.0000     0.0000     0.5378
		640    -0.0000     1.0000     0.0000     0.5295
		800     0.0000     1.0000     0.0000     0.5169
		960    -0.0000     1.0000     0.0000     0.5005
		1120    -0.0000     1.0000     0.0000     0.4807
		1280    -0.0000     1.0000    -0.0000     0.4579
		1440     0.0000     1.0000     0.0000     0.4325
		1600    -0.0000     1.0000    -0.0000     0.4052
		1760     0.0000     1.0000     0.0000     0.3768
		1920     0.0000     1.0000     0.0000     0.3483
		2080     0.0000     1.0000     0.0000     0.3212
		2240    -0.0000     1.0000    -0.0000     0.2974
		2400     0.0000     1.0000     0.0000     0.2796
		2560     0.0000     1.0000    -0.0000     0.2707
		2720     0.0000     1.0000     0.0000     0.2782
		2880    -0.0000     1.0000    -0.0000     0.3036
		3040     0.0000     1.0000     0.0000     0.3405
		3200    -0.0000     1.0000    -0.0000     0.3831
		3360     0.0000     1.0000     0.0000     0.4277
		3520     0.0000     1.0000    -0.0000     0.4720
		3680     0.0000     1.0000     0.0000     0.5142
		3840     0.0000     1.0000     0.0000     0.5533
		4000     0.0000     1.0000    -0.0000     0.5885
		4160     0.0000     1.0000     0.0000     0.6191
		4320    -0.0000     1.0000    -0.0000     0.6446
		4480     0.0000     1.0000    -0.0000     0.6643
		4640     0.0000     1.0000     0.0000     0.6776
		4800    -0.0000     1.0000     0.0000     0.6839
		4960    -0.0000     1.0000     0.0000     0.6821
		5120    -0.0000     1.0000    -0.0000     0.6991
		5280     0.0000     1.0000     0.0000     0.7148
		5440    -0.0000     1.0000     0.0000     0.7229
		5600    -0.0000     1.0000     0.0000     0.7419
		5760    -0.0000     1.0000     0.0000     0.7621
		5920    -0.0000     1.0000    -0.0000     0.7826
		6080    -0.0000     1.0000     0.0000     0.8027
		6240    -0.0000     1.0000    -0.0000     0.8214
		6400     0.0000     1.0000     0.0000     0.8379
		6560     0.0000     1.0000    -0.0000     0.8512
		6720    -0.0000     1.0000     0.0000     0.8606
		6880     0.0000     1.0000     0.0000     0.8677
		7040     0.0000     1.0000    -0.0000     0.8745
		7200    -0.0000     1.0000    -0.0000     0.8798
		7360    -0.0000     1.0000     0.0000     0.8819
		7520    -0.0000     1.0000    -0.0000     0.8816
		7680     0.0000     1.0000     0.0000     0.8793
		7840     0.0000     1.0000     0.0000     0.8742
		8000    -0.0000     1.0000    -0.0000     0.8657
		8160     0.0000     1.0000     0.0000     0.8564
		8320     0.0000     1.0000    -0.0000     0.8533
		8480     0.0000     1.0000     0.0000     0.8498
		8640     0.0000     1.0000     0.0000     0.8455
		8800     0.0000     1.0000     0.0000     0.8349
		8960     0.0000     1.0000     0.0000     0.8032
		9120     0.0000     1.0000     0.0000     0.7451
		9280     0.0000     1.0000     0.0000     0.6609
		9440     0.0000     1.0000    -0.0000     0.5902

#OBJECT 19
	*NodeName Bip01LFoot
	*ANIMATION 0 60 0
		0     0.6356     0.0469     0.7706     0.3506
		160     0.6275    -0.0190     0.7784     0.3489
		320     0.6183    -0.0774     0.7821     0.3485
		480     0.6081    -0.1315     0.7829     0.3489
		640     0.5969    -0.1823     0.7813     0.3501
		800     0.5852    -0.2290     0.7779     0.3519
		960     0.5738    -0.2702     0.7732     0.3541
		1120     0.5626    -0.3070     0.7676     0.3565
		1280     0.5518    -0.3397     0.7617     0.3591
		1440     0.5415    -0.3688     0.7555     0.3617
		1600     0.5317    -0.3947     0.7493     0.3644
		1760     0.5222    -0.4183     0.7432     0.3672
		1920     0.5128    -0.4404     0.7370     0.3703
		2080     0.5028    -0.4625     0.7303     0.3740
		2240     0.4915    -0.4861     0.7226     0.3787
		2400     0.4777    -0.5133     0.7130     0.3851
		2560     0.4602    -0.5457     0.7003     0.3943
		2720     0.4357    -0.5877     0.6818     0.4087
		2880     0.4044    -0.6365     0.6568     0.4297
		3040     0.3704    -0.6840     0.6284     0.4559
		3200     0.3373    -0.7257     0.5997     0.4854
		3360     0.3068    -0.7602     0.5726     0.5167
		3520     0.2798    -0.7881     0.5482     0.5485
		3680     0.2564    -0.8103     0.5269     0.5796
		3840     0.2364    -0.8279     0.5087     0.6091
		4000     0.2194    -0.8416     0.4935     0.6364
		4160     0.2053    -0.8522     0.4813     0.6607
		4320     0.1937    -0.8602     0.4718     0.6815
		4480     0.1844    -0.8660     0.4649     0.6981
		4640     0.1774    -0.8697     0.4606     0.7099
		4800     0.1726    -0.8715     0.4589     0.7164
		4960     0.1701    -0.8714     0.4602     0.7168
		5120     0.1703    -0.8677     0.4670     0.7069
		5280     0.1702    -0.8615     0.4784     0.6904
		5440     0.1681    -0.8540     0.4924     0.6715
		5600     0.1694    -0.8401     0.5153     0.6410
		5760     0.1725    -0.8201     0.5456     0.6041
		5920     0.1778    -0.7917     0.5845     0.5620
		6080     0.1867    -0.7511     0.6332     0.5157
		6240     0.2009    -0.6930     0.6924     0.4674
		6400     0.2231    -0.6092     0.7610     0.4191
		6560     0.2558    -0.4907     0.8329     0.3749
		6720     0.3003    -0.3312     0.8945     0.3388
		6880     0.3255    -0.1818     0.9279     0.3223
		7040     0.3457    -0.0152     0.9382     0.3140
		7200     0.3578     0.1515     0.9214     0.3149
		7360     0.3601     0.2968     0.8844     0.3237
		7520     0.3572     0.4190     0.8348     0.3384
		7680     0.3528     0.5193     0.7784     0.3574
		7840     0.3470     0.5909     0.7283     0.3777
		8000     0.3343     0.6174     0.7121     0.3913
		8160     0.3178     0.6154     0.7213     0.3987
		8320     0.3221     0.6432     0.6947     0.4112
		8480     0.3314     0.6596     0.6746     0.4199
		8640     0.3457     0.6640     0.6630     0.4240
		8800     0.3753     0.6353     0.6750     0.4152
		8960     0.4175     0.5028     0.7569     0.3830
		9120     0.4709     0.2743     0.8385     0.3543
		9280     0.5187     0.0389     0.8541     0.3464
		9440     0.5787    -0.0167     0.8154     0.3478

#OBJECT 20
	*NodeName Bip01LToe0
	*ANIMATION 0 60 0
		0    -0.0503    -0.9961    -0.0718     1.6759
		160    -0.0504    -0.9961    -0.0720     1.6748
		320    -0.0506    -0.9961    -0.0722     1.6736
		480    -0.0509    -0.9961    -0.0725     1.6713
		640    -0.0513    -0.9960    -0.0731     1.6674
		800    -0.0518    -0.9959    -0.0739     1.6625
		960    -0.0523    -0.9958    -0.0747     1.6571
		1120    -0.0530    -0.9957    -0.0756     1.6511
		1280    -0.0537    -0.9956    -0.0766     1.6444
		1440    -0.0545    -0.9955    -0.0777     1.6373
		1600    -0.0553    -0.9953    -0.0789     1.6299
		1760    -0.0561    -0.9952    -0.0801     1.6221
		1920    -0.0570    -0.9951    -0.0814     1.6143
		2080    -0.0579    -0.9949    -0.0826     1.6064
		2240    -0.0588    -0.9947    -0.0839     1.5986
		2400    -0.0596    -0.9946    -0.0851     1.5911
		2560    -0.0605    -0.9944    -0.0863     1.5838
		2720    -0.0613    -0.9943    -0.0874     1.5770
		2880    -0.0620    -0.9941    -0.0885     1.5708
		3040    -0.0626    -0.9940    -0.0894     1.5653
		3200    -0.0632    -0.9939    -0.0902     1.5605
		3360    -0.0637    -0.9938    -0.0908     1.5567
		3520    -0.0640    -0.9938    -0.0913     1.5539
		3680    -0.0642    -0.9937    -0.0916     1.5522
		3840    -0.0642    -0.9937    -0.0917     1.5518
		4000    -0.0641    -0.9937    -0.0915     1.5527
		4160    -0.0638    -0.9938    -0.0911     1.5550
		4320    -0.0634    -0.9939    -0.0905     1.5589
		4480    -0.0627    -0.9940    -0.0895     1.5645
		4640    -0.0619    -0.9942    -0.0883     1.5718
		4800    -0.0608    -0.9944    -0.0868     1.5809
		4960    -0.0596    -0.9946    -0.0850     1.5919
		5120    -0.0574    -0.9949    -0.0824     1.6095
		5280    -0.0541    -0.9953    -0.0797     1.6328
		5440    -0.0503    -0.9956    -0.0786     1.6550
		5600    -0.0455    -0.9962    -0.0744     1.6937
		5760    -0.0403    -0.9968    -0.0693     1.7397
		5920    -0.0351    -0.9974    -0.0634     1.7918
		6080    -0.0300    -0.9979    -0.0565     1.8490
		6240    -0.0251    -0.9985    -0.0487     1.9101
		6400    -0.0205    -0.9990    -0.0397     1.9737
		6560    -0.0163    -0.9994    -0.0294     2.0375
		6720    -0.0125    -0.9998    -0.0178     2.0991
		6880    -0.0108    -0.9998    -0.0135     2.1237
		7040    -0.0103    -0.9999    -0.0107     2.1335
		7200    -0.0108    -0.9999    -0.0095     2.1285
		7360    -0.0124    -0.9999    -0.0104     2.1081
		7520    -0.0149    -0.9998    -0.0125     2.0767
		7680    -0.0180    -0.9997    -0.0152     2.0385
		7840    -0.0218    -0.9996    -0.0194     1.9932
		8000    -0.0265    -0.9992    -0.0297     1.9345
		8160    -0.0315    -0.9985    -0.0446     1.8702
		8320    -0.0353    -0.9981    -0.0504     1.8280
		8480    -0.0388    -0.9977    -0.0553     1.7913
		8640    -0.0418    -0.9973    -0.0596     1.7602
		8800    -0.0435    -0.9971    -0.0620     1.7431
		8960    -0.0438    -0.9965    -0.0709     1.7243
		9120    -0.0439    -0.9959    -0.0794     1.7025
		9280    -0.0448    -0.9954    -0.0845     1.6778
		9440    -0.0461    -0.9959    -0.0778     1.6813

#OBJECT 21
	*NodeName Bip01LToe0Nub
	*ANIMATION 0 0 0

#OBJECT 22
	*NodeName Bip01RThigh
	*ANIMATION 0 60 60
		0    -0.0639     0.0437    -0.9970     2.9477
		160    -0.0780     0.0444    -0.9960     2.9463
		320    -0.0890     0.0462    -0.9950     2.9445
		480    -0.1024     0.0478    -0.9936     2.9425
		640    -0.1139     0.0488    -0.9923     2.9415
		800    -0.1215     0.0484    -0.9914     2.9424
		960    -0.1235     0.0461    -0.9913     2.9462
		1120    -0.1211     0.0425    -0.9917     2.9526
		1280    -0.1172     0.0386    -0.9924     2.9604
		1440    -0.1123     0.0345    -0.9931     2.9693
		1600    -0.1069     0.0301    -0.9938     2.9792
		1760    -0.1016     0.0255    -0.9945     2.9897
		1920    -0.0961     0.0206    -0.9952     3.0006
		2080    -0.0905     0.0156    -0.9958     3.0114
		2240    -0.0857     0.0104    -0.9963     3.0219
		2400    -0.0826     0.0049    -0.9966     3.0318
		2560    -0.0823    -0.0009    -0.9966     3.0409
		2720    -0.0854    -0.0071    -0.9963     3.0489
		2880    -0.0932    -0.0136    -0.9956     3.0556
		3040    -0.1085    -0.0207    -0.9939     3.0607
		3200    -0.1342    -0.0284    -0.9905     3.0644
		3360    -0.1716    -0.0371    -0.9845     3.0683
		3520    -0.2148    -0.0471    -0.9755     3.0732
		3680    -0.2592    -0.0578    -0.9641     3.0800
		3840    -0.2989    -0.0690    -0.9518     3.0872
		4000    -0.3313    -0.0803    -0.9401     3.0933
		4160    -0.3580    -0.0915    -0.9292     3.0995
		4320    -0.3742    -0.1021    -0.9217     3.1063
		4480    -0.3744    -0.1117    -0.9205     3.1117
		4640    -0.3667    -0.1204    -0.9225     3.1165
		4800    -0.3603    -0.1282    -0.9240     3.1198
		4960    -0.3542    -0.1350    -0.9254     3.1192
		5120    -0.3529    -0.1404    -0.9251     3.1178
		5280    -0.3486    -0.1438    -0.9262     3.1156
		5440    -0.3408    -0.1448    -0.9289     3.1129
		5600    -0.3289    -0.1425    -0.9336     3.1086
		5760    -0.3128    -0.1363    -0.9400     3.1023
		5920    -0.2931    -0.1270    -0.9476     3.0946
		6080    -0.2707    -0.1150    -0.9558     3.0860
		6240    -0.2464    -0.1012    -0.9639     3.0772
		6400    -0.2210    -0.0862    -0.9715     3.0686
		6560    -0.1954    -0.0706    -0.9782     3.0605
		6720    -0.1704    -0.0554    -0.9838     3.0533
		6880    -0.1470    -0.0413    -0.9883     3.0473
		7040    -0.1261    -0.0290    -0.9916     3.0423
		7200    -0.1089    -0.0195    -0.9939     3.0385
		7360    -0.0946    -0.0119    -0.9954     3.0353
		7520    -0.0823    -0.0052    -0.9966     3.0322
		7680    -0.0720     0.0009    -0.9974     3.0290
		7840    -0.0639     0.0062    -0.9979     3.0255
		8000    -0.0587     0.0109    -0.9982     3.0212
		8160    -0.0566     0.0150    -0.9983     3.0158
		8320    -0.0568     0.0185    -0.9982     3.0094
		8480    -0.0587     0.0216    -0.9980     3.0022
		8640    -0.0615     0.0245    -0.9978     2.9944
		8800    -0.0645     0.0272    -0.9975     2.9862
		8960    -0.0671     0.0299    -0.9973     2.9779
		9120    -0.0690     0.0328    -0.9971     2.9695
		9280    -0.0693     0.0359    -0.9970     2.9616
		9440    -0.0677     0.0395    -0.9969     2.9542
		0    -8.9697    -8.2595    -0.6103
		160    -8.9722    -8.2672    -0.4550
		320    -8.9642    -8.2845    -0.2700
		480    -8.9520    -8.3021    -0.0854
		640    -8.9449    -8.3103     0.0696
		800    -8.9539    -8.2994     0.1659
		960    -8.9906    -8.2595     0.1739
		1120    -9.0512    -8.1941     0.1050
		1280    -9.1225    -8.1150    -0.0048
		1440    -9.2002    -8.0250    -0.1484
		1600    -9.2799    -7.9273    -0.3188
		1760    -9.3578    -7.8246    -0.5085
		1920    -9.4308    -7.7201    -0.7096
		2080    -9.4964    -7.6168    -0.9142
		2240    -9.5535    -7.5177    -1.1140
		2400    -9.6013    -7.4257    -1.3004
		2560    -9.6403    -7.3436    -1.4649
		2720    -9.6715    -7.2740    -1.5988
		2880    -9.6961    -7.2194    -1.6933
		3040    -9.7157    -7.1818    -1.7397
		3200    -9.7313    -7.1631    -1.7292
		3360    -9.7453    -7.1640    -1.6457
		3520    -9.7586    -7.1811    -1.4873
		3680    -9.7692    -7.2096    -1.2664
		3840    -9.7749    -7.2451    -0.9957
		4000    -9.7734    -7.2837    -0.6881
		4160    -9.7630    -7.3222    -0.3567
		4320    -9.7430    -7.3584    -0.0149
		4480    -9.7134    -7.3913     0.3240
		4640    -9.6756    -7.4207     0.6464
		4800    -9.6318    -7.4472     0.9390
		4960    -9.5853    -7.4723     1.1886
		5120    -9.5398    -7.4977     1.3820
		5280    -9.4993    -7.5255     1.5063
		5440    -9.4676    -7.5568     1.5487
		5600    -9.4446    -7.6002     1.4744
		5760    -9.4259    -7.6588     1.2746
		5920    -9.4070    -7.7249     0.9750
		6080    -9.3834    -7.7903     0.6013
		6240    -9.3519    -7.8480     0.1798
		6400    -9.3111    -7.8929    -0.2627
		6560    -9.2619    -7.9229    -0.6992
		6720    -9.2079    -7.9389    -1.1026
		6880    -9.1544    -7.9446    -1.4464
		7040    -9.1080    -7.9460    -1.7043
		7200    -9.0754    -7.9503    -1.8507
		7360    -9.0549    -7.9590    -1.9115
		7520    -9.0410    -7.9697    -1.9328
		7680    -9.0325    -7.9827    -1.9188
		7840    -9.0283    -7.9981    -1.8741
		8000    -9.0272    -8.0160    -1.8029
		8160    -9.0277    -8.0360    -1.7097
		8320    -9.0287    -8.0580    -1.5987
		8480    -9.0292    -8.0815    -1.4745
		8640    -9.0281    -8.1062    -1.3415
		8800    -9.0249    -8.1317    -1.2041
		8960    -9.0190    -8.1576    -1.0669
		9120    -9.0104    -8.1837    -0.9344
		9280    -8.9991    -8.2096    -0.8111
		9440    -8.9854    -8.2350    -0.7015

#OBJECT 23
	*NodeName Bip01RCalf
	*ANIMATION 0 60 0
		0     0.0000     1.0000     0.0000     0.4787
		160    -0.0000     1.0000     0.0000     0.5027
		320     0.0000     1.0000    -0.0000     0.5078
		480    -0.0000     1.0000     0.0000     0.5213
		640     0.0000     1.0000     0.0000     0.5345
		800     0.0000     1.0000    -0.0000     0.5478
		960     0.0000     1.0000     0.0000     0.5617
		1120     0.0000     1.0000     0.0000     0.5763
		1280     0.0000     1.0000     0.0000     0.5922
		1440     0.0000     1.0000     0.0000     0.6095
		1600     0.0000     1.0000     0.0000     0.6288
		1760    -0.0000     1.0000     0.0000     0.6504
		1920     0.0000     1.0000    -0.0000     0.6766
		2080     0.0000     1.0000     0.0000     0.7085
		2240     0.0000     1.0000     0.0000     0.7441
		2400     0.0000     1.0000    -0.0000     0.7819
		2560     0.0000     1.0000     0.0000     0.8198
		2720    -0.0000     1.0000    -0.0000     0.8560
		2880    -0.0000     1.0000     0.0000     0.8888
		3040     0.0000     1.0000    -0.0000     0.9220
		3200    -0.0000     1.0000     0.0000     0.9626
		3360    -0.0000     1.0000    -0.0000     1.0122
		3520     0.0000     1.0000     0.0000     1.0578
		3680     0.0000     1.0000     0.0000     1.0921
		3840    -0.0000     1.0000     0.0000     1.1096
		4000    -0.0000     1.0000    -0.0000     1.1122
		4160    -0.0000     1.0000    -0.0000     1.1068
		4320     0.0000     1.0000     0.0000     1.0808
		4480     0.0000     1.0000    -0.0000     1.0171
		4640     0.0000     1.0000    -0.0000     0.9318
		4800    -0.0000     1.0000    -0.0000     0.8606
		4960    -0.0000     1.0000    -0.0000     0.8201
		5120    -0.0000     1.0000     0.0000     0.8164
		5280    -0.0000     1.0000    -0.0000     0.8092
		5440    -0.0000     1.0000     0.0000     0.7986
		5600     0.0000     1.0000     0.0000     0.7850
		5760    -0.0000     1.0000     0.0000     0.7685
		5920     0.0000     1.0000     0.0000     0.7495
		6080     0.0000     1.0000    -0.0000     0.7280
		6240    -0.0000     1.0000    -0.0000     0.7043
		6400    -0.0000     1.0000     0.0000     0.6787
		6560     0.0000     1.0000     0.0000     0.6515
		6720     0.0000     1.0000    -0.0000     0.6230
		6880    -0.0000     1.0000    -0.0000     0.5936
		7040    -0.0000     1.0000    -0.0000     0.5638
		7200    -0.0000     1.0000     0.0000     0.5343
		7360    -0.0000     1.0000     0.0000     0.5058
		7520    -0.0000     1.0000    -0.0000     0.4793
		7680     0.0000     1.0000    -0.0000     0.4559
		7840     0.0000     1.0000     0.0000     0.4369
		8000    -0.0000     1.0000    -0.0000     0.4261
		8160     0.0000     1.0000    -0.0000     0.4247
		8320    -0.0000     1.0000     0.0000     0.4306
		8480     0.0000     1.0000     0.0000     0.4413
		8640     0.0000     1.0000     0.0000     0.4544
		8800    -0.0000     1.0000    -0.0000     0.4678
		8960    -0.0000     1.0000     0.0000     0.4795
		9120    -0.0000     1.0000    -0.0000     0.4884
		9280    -0.0000     1.0000    -0.0000     0.4920
		9440    -0.0000     1.0000     0.0000     0.4891

#OBJECT 24
	*NodeName Bip01RFoot
	*ANIMATION 0 60 0
		0    -0.2245    -0.8308    -0.5093     0.6200
		160    -0.2299    -0.8161    -0.5302     0.5896
		320    -0.2356    -0.7986    -0.5539     0.5585
		480    -0.2459    -0.7729    -0.5849     0.5219
		640    -0.2599    -0.7382    -0.6226     0.4829
		800    -0.2777    -0.6913    -0.6670     0.4431
		960    -0.2998    -0.6283    -0.7179     0.4040
		1120    -0.3255    -0.5444    -0.7731     0.3675
		1280    -0.3534    -0.4357    -0.8278     0.3357
		1440    -0.3803    -0.3026    -0.8740     0.3107
		1600    -0.4025    -0.1518    -0.9027     0.2936
		1760    -0.4168    -0.0001    -0.9090     0.2847
		1920    -0.4228     0.1098    -0.8995     0.2821
		2080    -0.4250     0.1531    -0.8921     0.2811
		2240    -0.4245     0.1358    -0.8952     0.2798
		2400    -0.4207     0.0782    -0.9038     0.2789
		2560    -0.4092    -0.0111    -0.9124     0.2804
		2720    -0.3847    -0.1262    -0.9144     0.2866
		2880    -0.3476    -0.2410    -0.9061     0.2987
		3040    -0.3069    -0.3203    -0.8963     0.3129
		3200    -0.2794    -0.3312    -0.9013     0.3206
		3360    -0.2873    -0.2286    -0.9302     0.3129
		3520    -0.3169    -0.0332    -0.9479     0.3038
		3680    -0.3553     0.2173    -0.9091     0.3073
		3840    -0.3760     0.3960    -0.8377     0.3251
		4000    -0.3791     0.4584    -0.8038     0.3403
		4160    -0.3907     0.4662    -0.7937     0.3483
		4320    -0.4314     0.3509    -0.8311     0.3398
		4480    -0.4690     0.0291    -0.8827     0.3334
		4640    -0.4838    -0.2573    -0.8365     0.3559
		4800    -0.4938    -0.3922    -0.7761     0.3805
		4960    -0.4744    -0.4901    -0.7313     0.4044
		5120    -0.4572    -0.5376    -0.7085     0.4180
		5280    -0.4427    -0.5764    -0.6869     0.4303
		5440    -0.4306    -0.6082    -0.6668     0.4413
		5600    -0.4208    -0.6344    -0.6484     0.4508
		5760    -0.4130    -0.6561    -0.6317     0.4586
		5920    -0.4068    -0.6739    -0.6167     0.4648
		6080    -0.4022    -0.6886    -0.6034     0.4693
		6240    -0.3989    -0.7006    -0.5917     0.4724
		6400    -0.3967    -0.7102    -0.5816     0.4740
		6560    -0.3953    -0.7179    -0.5730     0.4743
		6720    -0.3947    -0.7239    -0.5658     0.4735
		6880    -0.3945    -0.7285    -0.5601     0.4719
		7040    -0.3945    -0.7319    -0.5556     0.4697
		7200    -0.3944    -0.7345    -0.5522     0.4672
		7360    -0.3937    -0.7367    -0.5498     0.4648
		7520    -0.3920    -0.7389    -0.5480     0.4631
		7680    -0.3886    -0.7418    -0.5465     0.4625
		7840    -0.3830    -0.7460    -0.5448     0.4638
		8000    -0.3734    -0.7526    -0.5423     0.4687
		8160    -0.3593    -0.7621    -0.5387     0.4778
		8320    -0.3422    -0.7730    -0.5341     0.4907
		8480    -0.3236    -0.7844    -0.5292     0.5063
		8640    -0.3047    -0.7951    -0.5244     0.5237
		8800    -0.2865    -0.8047    -0.5199     0.5421
		8960    -0.2698    -0.8129    -0.5161     0.5605
		9120    -0.2551    -0.8195    -0.5132     0.5780
		9280    -0.2421    -0.8250    -0.5107     0.5948
		9440    -0.2321    -0.8286    -0.5095     0.6088

#OBJECT 25
	*NodeName Bip01RToe0
	*ANIMATION 0 60 0
		0     0.0596    -0.9946     0.0850     1.5919
		160     0.0546    -0.9954     0.0792     1.6320
		320     0.0500    -0.9959     0.0757     1.6650
		480     0.0451    -0.9965     0.0701     1.7081
		640     0.0402    -0.9971     0.0640     1.7545
		800     0.0355    -0.9977     0.0575     1.8035
		960     0.0309    -0.9982     0.0509     1.8542
		1120     0.0266    -0.9987     0.0441     1.9058
		1280     0.0226    -0.9991     0.0373     1.9574
		1440     0.0188    -0.9994     0.0306     2.0075
		1600     0.0155    -0.9996     0.0240     2.0553
		1760     0.0125    -0.9998     0.0178     2.0991
		1920     0.0116    -0.9998     0.0142     2.1170
		2080     0.0140    -0.9998     0.0152     2.0922
		2240     0.0192    -0.9996     0.0205     2.0333
		2400     0.0259    -0.9993     0.0286     1.9571
		2560     0.0330    -0.9987     0.0385     1.8783
		2720     0.0387    -0.9980     0.0492     1.8088
		2880     0.0418    -0.9973     0.0596     1.7602
		3040     0.0428    -0.9966     0.0697     1.7279
		3200     0.0429    -0.9961     0.0777     1.7105
		3360     0.0416    -0.9961     0.0772     1.7241
		3520     0.0398    -0.9967     0.0711     1.7535
		3680     0.0381    -0.9974     0.0607     1.7880
		3840     0.0376    -0.9979     0.0536     1.8040
		4000     0.0389    -0.9977     0.0554     1.7897
		4160     0.0418    -0.9973     0.0596     1.7602
		4320     0.0452    -0.9969     0.0647     1.7250
		4480     0.0478    -0.9961     0.0736     1.6883
		4640     0.0487    -0.9960     0.0746     1.6779
		4800     0.0487    -0.9964     0.0693     1.6923
		4960     0.0503    -0.9961     0.0718     1.6759
		5120     0.0518    -0.9959     0.0740     1.6618
		5280     0.0532    -0.9957     0.0759     1.6492
		5440     0.0544    -0.9955     0.0776     1.6379
		5600     0.0555    -0.9953     0.0792     1.6279
		5760     0.0565    -0.9951     0.0806     1.6191
		5920     0.0574    -0.9950     0.0818     1.6114
		6080     0.0581    -0.9949     0.0829     1.6047
		6240     0.0588    -0.9947     0.0838     1.5989
		6400     0.0593    -0.9946     0.0846     1.5940
		6560     0.0598    -0.9946     0.0853     1.5899
		6720     0.0602    -0.9945     0.0858     1.5866
		6880     0.0605    -0.9944     0.0863     1.5840
		7040     0.0607    -0.9944     0.0866     1.5820
		7200     0.0608    -0.9944     0.0868     1.5807
		7360     0.0609    -0.9943     0.0870     1.5798
		7520     0.0610    -0.9943     0.0870     1.5795
		7680     0.0610    -0.9943     0.0870     1.5795
		7840     0.0609    -0.9943     0.0869     1.5800
		8000     0.0608    -0.9944     0.0868     1.5807
		8160     0.0607    -0.9944     0.0866     1.5818
		8320     0.0606    -0.9944     0.0864     1.5830
		8480     0.0604    -0.9944     0.0862     1.5844
		8640     0.0602    -0.9945     0.0860     1.5859
		8800     0.0601    -0.9945     0.0857     1.5873
		8960     0.0599    -0.9945     0.0855     1.5887
		9120     0.0598    -0.9946     0.0852     1.5904
		9280     0.0597    -0.9946     0.0851     1.5910
		9440     0.0596    -0.9946     0.0850     1.5916

#OBJECT 26
	*NodeName Bip01RToe0Nub
	*ANIMATION 0 0 0