#PSB_CHARACTER_TOOL_ANIMATION_DATA
#SCENE 0 13 30 160 38

#OBJECT 0
	*NodeName swat:Hips
	*ANIMATION 0 13 13
		0    -0.8626     0.3861     0.3270     1.4802
		160    -0.8605     0.3886     0.3294     1.4793
		320    -0.8584     0.3905     0.3326     1.4701
		480    -0.8593     0.3890     0.3321     1.4592
		640    -0.8628     0.3850     0.3275     1.4550
		800    -0.8656     0.3823     0.3234     1.4603
		960    -0.8654     0.3829     0.3232     1.4701
		1120    -0.8635     0.3852     0.3255     1.4780
		1280    -0.8626     0.3861     0.3270     1.4802
		1440    -0.8626     0.3861     0.3270     1.4802	
		1600    -0.8626     0.3861     0.3270     1.4802
		1760    -0.8626     0.3861     0.3270     1.4802
		1920    -0.8626     0.3861     0.3270     1.4802		
		0     0.0017    36.6099     0.0041
		160    -0.2345    36.6099     0.0043
		320    -0.6968    36.6099     0.4544
		480    -0.8234    36.4993     0.6515
		640    -0.8309    36.1319     0.6959
		800    -0.7464    36.0671     0.7120
		960    -0.6048    36.0998     0.7101
		1120    -0.4339    36.1972     0.6837
		1280    -0.2615    36.3266     0.5425
		1440    -0.1157    36.4550     0.2957
		1600    -0.0344    36.5499     0.0866
		1760    -0.0052    36.5875     0.0273
		1920     0.0023    36.6041     0.0142

#OBJECT 1
	*NodeName swat:Spine
	*ANIMATION 0 13 0
		0    -0.9999     0.0079     0.0096     0.1395
		160    -0.9985     0.0040    -0.0537     0.1415
		320    -0.9755    -0.2104     0.0638     0.1308
		480    -0.9275    -0.3102     0.2086     0.1235
		640    -0.8999    -0.3212     0.2951     0.1179
		800    -0.8925    -0.2962     0.3401     0.1152
		960    -0.9197    -0.2289     0.3191     0.1160
		1120    -0.9614    -0.1146     0.2502     0.1184
		1280    -0.9849    -0.0047     0.1732     0.1239
		1440    -0.9903     0.0445     0.1315     0.1306
		1600    -0.9926     0.0451     0.1126     0.1358
		1760    -0.9969     0.0272     0.0743     0.1380
		1920    -0.9999     0.0080     0.0129     0.1392

#OBJECT 2
	*NodeName swat:Spine1
	*ANIMATION 0 13 0
		0    -0.9989     0.0462     0.0011     0.2868
		160    -0.9899    -0.1418     0.0097     0.2745
		320    -0.9557    -0.2922     0.0356     0.2684
		480    -0.9553    -0.2892     0.0606     0.2723
		640    -0.9595    -0.2659     0.0932     0.2742
		800    -0.9680    -0.2229     0.1156     0.2778
		960    -0.9816    -0.1524     0.1154     0.2835
		1120    -0.9939    -0.0595     0.0931     0.2879
		1280    -0.9975     0.0130     0.0696     0.2895
		1440    -0.9970     0.0411     0.0652     0.2894
		1600    -0.9966     0.0436     0.0705     0.2891
		1760    -0.9979     0.0415     0.0490     0.2881
		1920    -0.9989     0.0458     0.0012     0.2871

#OBJECT 3
	*NodeName swat:Spine2
	*ANIMATION 0 13 0
		0    -0.9990     0.0453     0.0054     0.2868
		160    -0.9842    -0.1768     0.0027     0.2754
		320    -0.9038    -0.4279    -0.0090     0.2844
		480    -0.9116    -0.4072     0.0556     0.2901
		640    -0.9428    -0.3050     0.1345     0.2884
		800    -0.9662    -0.1919     0.1722     0.2926
		960    -0.9806    -0.0968     0.1706     0.3019
		1120    -0.9892    -0.0337     0.1424     0.3093
		1280    -0.9940    -0.0137     0.1081     0.3093
		1440    -0.9965    -0.0046     0.0836     0.3032
		1600    -0.9975     0.0263     0.0662     0.2964
		1760    -0.9980     0.0474     0.0415     0.2902
		1920    -0.9990     0.0447     0.0066     0.2869

#OBJECT 4
	*NodeName swat:Neck
	*ANIMATION 0 13 0
		0    -0.0559    -0.1141    -0.9919     0.1316
		160     0.2403    -0.3893    -0.8892     0.1900
		320     0.5733    -0.1582    -0.8040     0.2524
		480     0.6265    -0.1897    -0.7560     0.2572
		640     0.6056    -0.3037    -0.7355     0.2404
		800     0.5493    -0.3895    -0.7393     0.2209
		960     0.4943    -0.4043    -0.7695     0.2026
		1120     0.4080    -0.3883    -0.8263     0.1787
		1280     0.2110    -0.3664    -0.9062     0.1509
		1440    -0.0522    -0.2861    -0.9568     0.1382
		1600    -0.1849    -0.1719    -0.9676     0.1405
		1760    -0.1718    -0.1124    -0.9787     0.1389
		1920    -0.0575    -0.1139    -0.9918     0.1317

#OBJECT 5
	*NodeName swat:Neck1
	*ANIMATION 0 13 0
		0    -0.0589    -0.0480    -0.9971     0.1316
		160     0.4130    -0.1794    -0.8929     0.1955
		320     0.5866    -0.0022    -0.8098     0.2332
		480     0.5542    -0.0126    -0.8323     0.2232
		640     0.4358    -0.1061    -0.8938     0.1991
		800     0.2383    -0.2033    -0.9497     0.1821
		960     0.0528    -0.2011    -0.9781     0.1729
		1120    -0.0312    -0.1800    -0.9832     0.1606
		1280    -0.0529    -0.1684    -0.9843     0.1475
		1440    -0.0296    -0.1116    -0.9933     0.1409
		1600    -0.0034    -0.0307    -0.9995     0.1424
		1760    -0.0009    -0.0019    -1.0000     0.1409
		1920    -0.0581    -0.0473    -0.9972     0.1317

#OBJECT 6
	*NodeName swat:Head
	*ANIMATION 0 13 0
		0     0.3057    -0.5195    -0.7979     0.3229
		160    -0.0239     0.1268    -0.9916     0.3152
		320    -0.0073     0.1230    -0.9924     0.2879
		480     0.3811     0.1006    -0.9191     0.3019
		640     0.6399    -0.1085    -0.7607     0.3443
		800     0.7047    -0.3249    -0.6307     0.3937
		960     0.6708    -0.4226    -0.6095     0.3735
		1120     0.6307    -0.4598    -0.6251     0.3105
		1280     0.5579    -0.4596    -0.6910     0.2519
		1440     0.4362    -0.4532    -0.7774     0.2419
		1600     0.3507    -0.4882    -0.7991     0.2765
		1760     0.3229    -0.5130    -0.7953     0.3126
		1920     0.3158    -0.5162    -0.7961     0.3240

#OBJECT 7
	*NodeName swat:HeadTop_End
	*ANIMATION 0 0 0

#OBJECT 8
	*NodeName swat:LeftShoulder
	*ANIMATION 0 13 0
		0     0.9907    -0.0809     0.1091     0.6626
		160     0.9925    -0.0819     0.0913     0.6579
		320     0.9752    -0.2147     0.0541     0.6555
		480     0.8456    -0.5335     0.0176     0.7507
		640     0.7962    -0.6044     0.0258     0.7997
		800     0.7845    -0.6192     0.0343     0.8130
		960     0.8017    -0.5962     0.0432     0.7957
		1120     0.8400    -0.5399     0.0533     0.7596
		1280     0.8899    -0.4515     0.0652     0.7190
		1440     0.9379    -0.3379     0.0783     0.6861
		1600     0.9718    -0.2177     0.0910     0.6676
		1760     0.9877    -0.1186     0.1015     0.6624
		1920     0.9918    -0.0676     0.1088     0.6631

#OBJECT 9
	*NodeName swat:LeftArm
	*ANIMATION 0 13 0
		0     0.4717     0.7879     0.3959     1.2458
		160     0.4256     0.8779     0.2195     1.2943
		320     0.4168     0.9070     0.0607     1.4586
		480     0.3597     0.9320    -0.0452     1.5601
		640     0.3506     0.9304    -0.1073     1.5455
		800     0.3711     0.9218    -0.1122     1.5192
		960     0.4101     0.9088    -0.0772     1.4853
		1120     0.4549     0.8905     0.0029     1.4561
		1280     0.4784     0.8726     0.0986     1.4290
		1440     0.4889     0.8520     0.1870     1.3881
		1600     0.4963     0.8275     0.2625     1.3347
		1760     0.4932     0.8023     0.3362     1.2911
		1920     0.4776     0.7865     0.3915     1.2653

#OBJECT 10
	*NodeName swat:LeftForeArm
	*ANIMATION 0 13 0
		0    -0.0000    -0.0000     1.0000     1.1344
		160    -0.0000    -0.0000     1.0000     1.2037
		320     0.0000     0.0000     1.0000     1.0339
		480     0.0000    -0.0000     1.0000     0.9927
		640     0.0000    -0.0000     1.0000     1.0921
		800     0.0000    -0.0000     1.0000     1.1541
		960    -0.0000    -0.0000     1.0000     1.1967
		1120     0.0000     0.0000     1.0000     1.2148
		1280    -0.0000    -0.0000     1.0000     1.2125
		1440    -0.0000    -0.0000     1.0000     1.1946
		1600     0.0000    -0.0000     1.0000     1.1812
		1760     0.0000     0.0000     1.0000     1.1501
		1920    -0.0000    -0.0000     1.0000     1.1237

#OBJECT 11
	*NodeName swat:LeftHand
	*ANIMATION 0 13 0
		0     0.9535    -0.1042    -0.2827     2.0325
		160     0.9596    -0.1073    -0.2602     1.9920
		320     0.9762    -0.0120    -0.2167     1.9597
		480     0.9852     0.0285    -0.1692     2.0750
		640    -0.9815    -0.0046     0.1914     4.1580
		800    -0.9777     0.0226     0.2090     4.1577
		960     0.9728    -0.0450    -0.2271     2.0902
		1120     0.9659    -0.0678    -0.2500     2.0301
		1280     0.9595    -0.0872    -0.2680     1.9775
		1440     0.9547    -0.0996    -0.2806     1.9557
		1600     0.9501    -0.1055    -0.2936     1.9593
		1760     0.9493    -0.1042    -0.2965     1.9780
		1920     0.9519    -0.1014    -0.2892     2.0066

#OBJECT 12
	*NodeName swat:LeftInHandThumb
	*ANIMATION 0 13 0
		0    -0.5155     0.1505    -0.8436     0.3318
		160    -0.5483     0.1841    -0.8158     0.3093
		320    -0.5914     0.2298    -0.7730     0.2838
		480    -0.5977     0.2366    -0.7660     0.2804
		640    -0.5900     0.2283    -0.7744     0.2845
		800    -0.5736     0.2107    -0.7916     0.2938
		960    -0.5535     0.1896    -0.8110     0.3060
		1120    -0.5347     0.1700    -0.8278     0.3183
		1280    -0.5209     0.1559    -0.8393     0.3279
		1440    -0.5155     0.1505    -0.8436     0.3318
		1600    -0.5155     0.1505    -0.8436     0.3318
		1760    -0.5155     0.1505    -0.8436     0.3318
		1920    -0.5155     0.1505    -0.8436     0.3318

#OBJECT 13
	*NodeName swat:LeftHandThumb1
	*ANIMATION 0 13 0
		0    -0.8279    -0.4974     0.2591     0.3672
		160    -0.8366    -0.4843     0.2560     0.3776
		320    -0.8459    -0.4698     0.2524     0.3904
		480    -0.8471    -0.4679     0.2519     0.3922
		640    -0.8456    -0.4703     0.2525     0.3900
		800    -0.8423    -0.4755     0.2538     0.3852
		960    -0.8379    -0.4823     0.2556     0.3792
		1120    -0.8332    -0.4894     0.2573     0.3734
		1280    -0.8295    -0.4951     0.2586     0.3689
		1440    -0.8279    -0.4974     0.2591     0.3672
		1600    -0.8279    -0.4974     0.2591     0.3672
		1760    -0.8279    -0.4974     0.2591     0.3672
		1920    -0.8279    -0.4974     0.2591     0.3672

#OBJECT 14
	*NodeName swat:LeftHandThumb2_End
	*ANIMATION 0 0 0

#OBJECT 15
	*NodeName swat:LeftHandIndex1
	*ANIMATION 0 13 0
		0     0.0210     0.9974     0.0694     0.5879
		160     0.0208     0.9959     0.0876     0.4687
		320     0.0206     0.9944     0.1039     0.3948
		480     0.0207     0.9943     0.1047     0.3916
		640     0.0208     0.9949     0.0982     0.4184
		800     0.0209     0.9958     0.0891     0.4613
		960     0.0209     0.9965     0.0810     0.5066
		1120     0.0209     0.9969     0.0758     0.5405
		1280     0.0209     0.9970     0.0739     0.5537
		1440     0.0209     0.9971     0.0726     0.5634
		1600     0.0209     0.9972     0.0713     0.5727
		1760     0.0210     0.9973     0.0703     0.5806
		1920     0.0210     0.9974     0.0696     0.5862

#OBJECT 16
	*NodeName swat:LeftHandIndex2
	*ANIMATION 0 13 0
		0    -0.0000     1.0000    -0.0000     1.0520
		160     0.0000     1.0000    -0.0000     0.9324
		320     0.0000     1.0000    -0.0000     0.8580
		480     0.0000     1.0000     0.0000     0.8549
		640     0.0000     1.0000     0.0000     0.8818
		800     0.0000     1.0000    -0.0000     0.9249
		960     0.0000     1.0000     0.0000     0.9704
		1120    -0.0000     1.0000    -0.0000     1.0045
		1280    -0.0000     1.0000    -0.0000     1.0177
		1440     0.0000     1.0000    -0.0000     1.0274
		1600    -0.0000     1.0000    -0.0000     1.0368
		1760    -0.0000     1.0000    -0.0000     1.0447
		1920     0.0000     1.0000     0.0000     1.0503

#OBJECT 17
	*NodeName swat:LeftHandIndex3_End
	*ANIMATION 0 0 0

#OBJECT 18
	*NodeName swat:RightShoulder
	*ANIMATION 0 13 0
		0     0.9488     0.1509     0.2774     0.7403
		160     0.9421     0.1695     0.2892     0.7404
		320     0.9070     0.2471     0.3411     0.7467
		480     0.8967     0.2562     0.3609     0.7493
		640     0.9143     0.1982     0.3533     0.7440
		800     0.9326     0.1437     0.3309     0.7421
		960     0.9483     0.1264     0.2911     0.7432
		1120     0.9626     0.1229     0.2414     0.7459
		1280     0.9698     0.1236     0.2105     0.7480
		1440     0.9689     0.1271     0.2125     0.7471
		1600     0.9629     0.1354     0.2333     0.7444
		1760     0.9549     0.1445     0.2593     0.7418
		1920     0.9491     0.1507     0.2767     0.7403

#OBJECT 19
	*NodeName swat:RightArm
	*ANIMATION 0 13 0
		0    -0.1644    -0.6588    -0.7341     1.7017
		160    -0.2005    -0.6582    -0.7257     1.7276
		320    -0.1907    -0.6333    -0.7500     1.8681
		480    -0.1741    -0.6247    -0.7612     1.9573
		640    -0.1627    -0.6246    -0.7638     1.9920
		800    -0.1551    -0.6308    -0.7603     1.9762
		960    -0.1511    -0.6417    -0.7519     1.9296
		1120    -0.1531    -0.6585    -0.7368     1.8543
		1280    -0.1637    -0.6742    -0.7202     1.7792
		1440    -0.1689    -0.6781    -0.7153     1.7382
		1600    -0.1678    -0.6718    -0.7215     1.7284
		1760    -0.1642    -0.6638    -0.7297     1.7213
		1920    -0.1640    -0.6601    -0.7331     1.7038

#OBJECT 20
	*NodeName swat:RightForeArm
	*ANIMATION 0 13 0
		0     0.0000    -0.0000    -1.0000     1.7182
		160     0.0000    -0.0000    -1.0000     1.6756
		320    -0.0000     0.0000    -1.0000     1.5052
		480    -0.0000     0.0000    -1.0000     1.4646
		640    -0.0000     0.0000    -1.0000     1.4770
		800    -0.0000     0.0000    -1.0000     1.4883
		960    -0.0000     0.0000    -1.0000     1.5174
		1120    -0.0000     0.0000    -1.0000     1.5656
		1280     0.0000    -0.0000    -1.0000     1.6207
		1440     0.0000    -0.0000    -1.0000     1.6530
		1600     0.0000    -0.0000    -1.0000     1.6729
		1760    -0.0000     0.0000    -1.0000     1.6865
		1920    -0.0000     0.0000    -1.0000     1.7105

#OBJECT 21
	*NodeName swat:RightHand
	*ANIMATION 0 13 0
		0     0.7862     0.2673     0.5572     0.9555
		160     0.7924     0.1378     0.5942     0.9035
		320     0.7849     0.0472     0.6178     0.8664
		480     0.7660     0.0325     0.6420     0.8769
		640     0.7428     0.0239     0.6690     0.9093
		800     0.7486     0.0156     0.6628     0.9104
		960     0.7699     0.0460     0.6365     0.8921
		1120     0.7920     0.1019     0.6019     0.8766
		1280     0.8035     0.1522     0.5755     0.8730
		1440     0.8083     0.1828     0.5597     0.8831
		1600     0.8065     0.2154     0.5506     0.9026
		1760     0.8010     0.2429     0.5471     0.9265
		1920     0.7889     0.2642     0.5549     0.9494

#OBJECT 22
	*NodeName swat:RightInHandThumb
	*ANIMATION 0 0 0

#OBJECT 23
	*NodeName swat:RightHandThumb1
	*ANIMATION 0 0 0

#OBJECT 24
	*NodeName swat:RightHandThumb2_End
	*ANIMATION 0 0 0

#OBJECT 25
	*NodeName swat:RightHandIndex1
	*ANIMATION 0 0 0

#OBJECT 26
	*NodeName swat:RightHandIndex2
	*ANIMATION 0 0 0

#OBJECT 27
	*NodeName swat:RightHandIndex3_End
	*ANIMATION 0 0 0

#OBJECT 28
	*NodeName swat:LeftUpLeg
	*ANIMATION 0 13 0
		0     0.1678    -0.3525    -0.9206     0.8861
		160     0.1617    -0.3589    -0.9193     0.8867
		320     0.1600    -0.3724    -0.9142     0.8897
		480     0.1867    -0.3865    -0.9032     0.8953
		640     0.2381    -0.4064    -0.8821     0.9062
		800     0.2433    -0.4051    -0.8813     0.9067
		960     0.2354    -0.3968    -0.8872     0.9035
		1120     0.2219    -0.3855    -0.8956     0.8991
		1280     0.2073    -0.3744    -0.9038     0.8949
		1440     0.1907    -0.3640    -0.9117     0.8908
		1600     0.1769    -0.3570    -0.9172     0.8878
		1760     0.1713    -0.3540    -0.9194     0.8867
		1920     0.1688    -0.3528    -0.9204     0.8862

#OBJECT 29
	*NodeName swat:LeftLeg
	*ANIMATION 0 13 0
		0    -0.9994     0.0231    -0.0277     0.4074
		160    -0.9994     0.0241    -0.0253     0.4002
		320    -0.9994     0.0269    -0.0222     0.3686
		480    -0.9996     0.0252    -0.0162     0.4024
		640    -0.9997     0.0204    -0.0102     0.5029
		800    -0.9997     0.0196    -0.0117     0.5147
		960    -0.9997     0.0195    -0.0153     0.5015
		1120    -0.9996     0.0203    -0.0192     0.4761
		1280    -0.9995     0.0212    -0.0224     0.4532
		1440    -0.9995     0.0219    -0.0248     0.4344
		1600    -0.9994     0.0225    -0.0263     0.4202
		1760    -0.9994     0.0228    -0.0271     0.4128
		1920    -0.9994     0.0231    -0.0276     0.4085

#OBJECT 30
	*NodeName swat:LeftFoot
	*ANIMATION 0 13 0
		0    -0.5713     0.7437    -0.3472     0.0640
		160    -0.5761     0.7581    -0.3055     0.0723
		320    -0.8157     0.5493    -0.1814     0.1205
		480    -0.8476     0.5066    -0.1576     0.1379
		640    -0.6674     0.7129    -0.2151     0.1004
		800    -0.5361     0.8053    -0.2532     0.0856
		960    -0.4016     0.8668    -0.2956     0.0738
		1120    -0.4004     0.8573    -0.3237     0.0680
		1280    -0.4946     0.8027    -0.3332     0.0664
		1440    -0.5201     0.7805    -0.3468     0.0639
		1600    -0.5276     0.7722    -0.3542     0.0627
		1760    -0.5501     0.7572    -0.3523     0.0630
		1920    -0.5694     0.7447    -0.3481     0.0638

#OBJECT 31
	*NodeName swat:LeftToeBase
	*ANIMATION 0 13 0
		0     0.0000     0.0000     0.0000     0.0000
		160     0.0000     0.0000     0.0000     0.0000
		320     1.0000     0.0000     0.0000     0.0503
		480     1.0000     0.0000    -0.0000     0.0798
		640     1.0000    -0.0000    -0.0000     0.0775
		800     1.0000    -0.0000     0.0000     0.0615
		960     1.0000    -0.0000    -0.0000     0.0388
		1120     1.0000     0.0000    -0.0000     0.0166
		1280     1.0000     0.0000     0.0000     0.0021
		1440     0.0000     0.0000     0.0000     0.0000
		1600     0.0000     0.0000     0.0000     0.0000
		1760     0.0000     0.0000     0.0000     0.0000
		1920     0.9980     0.0502    -0.0401     0.0000

#OBJECT 32
	*NodeName swat:LeftFootToeBase_End
	*ANIMATION 0 0 0

#OBJECT 33
	*NodeName swat:RightUpLeg
	*ANIMATION 0 13 0
		0    -0.4638     0.6300    -0.6228     0.1485
		160    -0.5086     0.6010    -0.6166     0.1463
		320    -0.5245     0.5385    -0.6595     0.1265
		480    -0.4436     0.5385    -0.7164     0.1134
		640    -0.1462     0.5850    -0.7977     0.1017
		800    -0.0638     0.5969    -0.7998     0.1025
		960    -0.0558     0.6114    -0.7894     0.1057
		1120    -0.1018     0.6267    -0.7726     0.1106
		1280    -0.2058     0.6410    -0.7394     0.1190
		1440    -0.3306     0.6452    -0.6888     0.1314
		1600    -0.4204     0.6379    -0.6453     0.1426
		1760    -0.4484     0.6337    -0.6304     0.1466
		1920    -0.4589     0.6313    -0.6252     0.1479

#OBJECT 34
	*NodeName swat:RightLeg
	*ANIMATION 0 13 0
		0    -0.9994    -0.0308     0.0168     0.5699
		160    -0.9994    -0.0309     0.0171     0.5681
		320    -0.9994    -0.0298     0.0182     0.5802
		480    -0.9995    -0.0284     0.0169     0.6094
		640    -0.9996    -0.0261     0.0125     0.6844
		800    -0.9996    -0.0258     0.0116     0.6980
		960    -0.9996    -0.0260     0.0117     0.6931
		1120    -0.9996    -0.0264     0.0126     0.6753
		1280    -0.9995    -0.0274     0.0138     0.6470
		1440    -0.9995    -0.0288     0.0149     0.6135
		1600    -0.9994    -0.0301     0.0160     0.5861
		1760    -0.9994    -0.0306     0.0165     0.5756
		1920    -0.9994    -0.0308     0.0167     0.5714

#OBJECT 35
	*NodeName swat:RightFoot
	*ANIMATION 0 13 0
		0     0.7698    -0.2721     0.5773     0.4940
		160     0.7759    -0.2596     0.5750     0.4961
		320     0.7883    -0.2190     0.5749     0.4968
		480     0.8004    -0.2048     0.5633     0.5067
		640     0.8252    -0.2018     0.5275     0.5393
		800     0.8274    -0.2051     0.5228     0.5438
		960     0.8229    -0.2122     0.5271     0.5396
		1120     0.8136    -0.2221     0.5373     0.5297
		1280     0.8011    -0.2366     0.5497     0.5181
		1440     0.7874    -0.2539     0.5617     0.5074
		1600     0.7766    -0.2665     0.5708     0.4995
		1760     0.7722    -0.2706     0.5749     0.4960
		1920     0.7704    -0.2717     0.5768     0.4945

#OBJECT 36
	*NodeName swat:RightToeBase
	*ANIMATION 0 0 0

#OBJECT 37
	*NodeName swat:RightFootToeBase_End
	*ANIMATION 0 0 0