#PSB_CHARACTER_TOOL_ANIMATION_DATA
#SCENE 0 42 30 160 38

#OBJECT 0
	*NodeName swat:Hips
	*ANIMATION 0 42 0
		0    -0.9249     0.2537     0.2830     1.4289
		160    -0.9280     0.2491     0.2772     1.4346
		320    -0.9311     0.2440     0.2710     1.4403
		480    -0.9344     0.2393     0.2640     1.4453
		640    -0.9381     0.2339     0.2555     1.4498
		800    -0.9431     0.2253     0.2447     1.4534
		960    -0.9492     0.2124     0.2320     1.4541
		1120    -0.9553     0.1976     0.2199     1.4498
		1280    -0.9595     0.1837     0.2135     1.4399
		1440    -0.9613     0.1713     0.2159     1.4245
		1600    -0.9611     0.1613     0.2243     1.4042
		1760    -0.9599     0.1567     0.2323     1.3814
		1920    -0.9582     0.1585     0.2381     1.3590
		2080    -0.9558     0.1642     0.2439     1.3398
		2240    -0.9526     0.1716     0.2512     1.3263
		2400    -0.9485     0.1808     0.2602     1.3212
		2560    -0.9435     0.1919     0.2700     1.3242
		2720    -0.9380     0.2044     0.2800     1.3327
		2880    -0.9317     0.2182     0.2904     1.3446
		3040    -0.9243     0.2336     0.3019     1.3580
		3200    -0.9156     0.2519     0.3136     1.3713
		3360    -0.9065     0.2727     0.3225     1.3832
		3520    -0.8981     0.2942     0.3270     1.3930
		3680    -0.8908     0.3144     0.3281     1.4007
		3840    -0.8841     0.3328     0.3280     1.4072
		4000    -0.8775     0.3503     0.3275     1.4143
		4160    -0.8710     0.3663     0.3275     1.4240
		4320    -0.8652     0.3787     0.3288     1.4378
		4480    -0.8615     0.3853     0.3306     1.4540
		4640    -0.8608     0.3874     0.3299     1.4686
		4800    -0.8624     0.3895     0.3235     1.4788
		4960    -0.8648     0.3945     0.3107     1.4851
		5120    -0.8682     0.3981     0.2963     1.4887
		5280    -0.8739     0.3921     0.2872     1.4886
		5440    -0.8825     0.3744     0.2848     1.4820
		5600    -0.8917     0.3527     0.2837     1.4679
		5760    -0.8992     0.3357     0.2804     1.4511
		5920    -0.9040     0.3249     0.2779     1.4385
		6080    -0.9069     0.3158     0.2791     1.4319
		6240    -0.9099     0.3040     0.2824     1.4286
		6400    -0.9142     0.2884     0.2846     1.4264
		6560    -0.9196     0.2707     0.2847     1.4259

#OBJECT 1
	*NodeName swat:Spine
	*ANIMATION 0 42 0
		0    -0.7458     0.2464     0.6190     0.1407
		160    -0.6561     0.2232     0.7209     0.1377
		320    -0.5371     0.2043     0.8184     0.1391
		480    -0.4108     0.1869     0.8923     0.1449
		640    -0.2871     0.1655     0.9435     0.1549
		800    -0.1705     0.1442     0.9748     0.1699
		960    -0.0769     0.1421     0.9869     0.1887
		1120    -0.0248     0.1757     0.9841     0.2067
		1280    -0.0237     0.2491     0.9682     0.2206
		1440    -0.0708     0.3482     0.9347     0.2321
		1600    -0.1545     0.4352     0.8870     0.2424
		1760    -0.2604     0.4775     0.8391     0.2501
		1920    -0.3715     0.4795     0.7950     0.2565
		2080    -0.4693     0.4666     0.7496     0.2651
		2240    -0.5458     0.4519     0.7056     0.2732
		2400    -0.6040     0.4331     0.6691     0.2748
		2560    -0.6486     0.4089     0.6420     0.2679
		2720    -0.6832     0.3838     0.6212     0.2550
		2880    -0.7122     0.3661     0.5990     0.2383
		3040    -0.7434     0.3607     0.5632     0.2202
		3200    -0.7862     0.3563     0.5049     0.2036
		3360    -0.8418     0.3295     0.4275     0.1902
		3520    -0.9000     0.2730     0.3398     0.1801
		3680    -0.9477     0.2049     0.2446     0.1731
		3840    -0.9794     0.1420     0.1440     0.1686
		4000    -0.9954     0.0859     0.0429     0.1659
		4160    -0.9978     0.0399    -0.0533     0.1627
		4320    -0.9900     0.0197    -0.1395     0.1566
		4480    -0.9771     0.0410    -0.2087     0.1472
		4640    -0.9631     0.0871    -0.2546     0.1392
		4800    -0.9546     0.0916    -0.2834     0.1386
		4960    -0.9521     0.0078    -0.3057     0.1469
		5120    -0.9444    -0.1030    -0.3123     0.1573
		5280    -0.9481    -0.1394    -0.2859     0.1578
		5440    -0.9776    -0.0489    -0.2046     0.1497
		5600    -0.9909     0.1103    -0.0768     0.1504
		5760    -0.9794     0.2004     0.0253     0.1627
		5920    -0.9737     0.2099     0.0881     0.1717
		6080    -0.9682     0.1993     0.1510     0.1705
		6240    -0.9491     0.2046     0.2394     0.1628
		6400    -0.9069     0.2276     0.3546     0.1539
		6560    -0.8380     0.2485     0.4858     0.1465

#OBJECT 2
	*NodeName swat:Spine1
	*ANIMATION 0 42 0
		0    -0.9988     0.0253     0.0424     0.2900
		160    -0.9987     0.0195     0.0481     0.2901
		320    -0.9984     0.0139     0.0551     0.2903
		480    -0.9980     0.0113     0.0627     0.2909
		640    -0.9974     0.0113     0.0714     0.2919
		800    -0.9966     0.0099     0.0816     0.2928
		960    -0.9957     0.0039     0.0922     0.2936
		1120    -0.9949    -0.0058     0.1007     0.2942
		1280    -0.9943    -0.0152     0.1056     0.2947
		1440    -0.9940    -0.0196     0.1080     0.2947
		1600    -0.9939    -0.0168     0.1092     0.2938
		1760    -0.9939    -0.0093     0.1097     0.2922
		1920    -0.9940    -0.0026     0.1091     0.2908
		2080    -0.9942     0.0004     0.1073     0.2900
		2240    -0.9945     0.0023     0.1043     0.2899
		2400    -0.9950     0.0067     0.0993     0.2901
		2560    -0.9956     0.0127     0.0925     0.2904
		2720    -0.9963     0.0174     0.0845     0.2907
		2880    -0.9970     0.0203     0.0751     0.2909
		3040    -0.9977     0.0221     0.0640     0.2909
		3200    -0.9984     0.0235     0.0517     0.2902
		3360    -0.9989     0.0252     0.0397     0.2892
		3520    -0.9992     0.0286     0.0286     0.2885
		3680    -0.9992     0.0350     0.0182     0.2886
		3840    -0.9990     0.0434     0.0083     0.2890
		4000    -0.9986     0.0522    -0.0013     0.2892
		4160    -0.9982     0.0596    -0.0103     0.2892
		4320    -0.9978     0.0634    -0.0182     0.2889
		4480    -0.9978     0.0625    -0.0239     0.2882
		4640    -0.9979     0.0596    -0.0270     0.2874
		4800    -0.9977     0.0604    -0.0291     0.2872
		4960    -0.9973     0.0668    -0.0319     0.2875
		5120    -0.9967     0.0739    -0.0341     0.2882
		5280    -0.9967     0.0747    -0.0318     0.2892
		5440    -0.9975     0.0674    -0.0229     0.2897
		5600    -0.9983     0.0574    -0.0109     0.2892
		5760    -0.9987     0.0504    -0.0007     0.2885
		5920    -0.9989     0.0470     0.0060     0.2882
		6080    -0.9990     0.0442     0.0116     0.2883
		6240    -0.9990     0.0404     0.0181     0.2888
		6400    -0.9990     0.0358     0.0260     0.2893
		6560    -0.9989     0.0307     0.0344     0.2898

#OBJECT 3
	*NodeName swat:Spine2
	*ANIMATION 0 42 0
		0    -0.9986     0.0265     0.0464     0.2899
		160    -0.9984     0.0211     0.0524     0.2900
		320    -0.9981     0.0159     0.0597     0.2903
		480    -0.9976     0.0138     0.0676     0.2909
		640    -0.9970     0.0143     0.0765     0.2919
		800    -0.9961     0.0135     0.0869     0.2929
		960    -0.9952     0.0081     0.0978     0.2938
		1120    -0.9943    -0.0010     0.1063     0.2945
		1280    -0.9938    -0.0101     0.1110     0.2951
		1440    -0.9935    -0.0144     0.1128     0.2952
		1600    -0.9935    -0.0119     0.1133     0.2943
		1760    -0.9936    -0.0049     0.1131     0.2927
		1920    -0.9937     0.0012     0.1119     0.2913
		2080    -0.9939     0.0037     0.1100     0.2905
		2240    -0.9943     0.0053     0.1069     0.2903
		2400    -0.9948     0.0095     0.1019     0.2904
		2560    -0.9953     0.0152     0.0951     0.2907
		2720    -0.9960     0.0197     0.0873     0.2909
		2880    -0.9967     0.0224     0.0780     0.2911
		3040    -0.9975     0.0239     0.0671     0.2909
		3200    -0.9982     0.0250     0.0549     0.2902
		3360    -0.9987     0.0263     0.0431     0.2891
		3520    -0.9990     0.0294     0.0322     0.2884
		3680    -0.9991     0.0354     0.0220     0.2884
		3840    -0.9990     0.0436     0.0121     0.2888
		4000    -0.9986     0.0521     0.0026     0.2890
		4160    -0.9982     0.0592    -0.0063     0.2891
		4320    -0.9979     0.0628    -0.0142     0.2888
		4480    -0.9979     0.0617    -0.0199     0.2880
		4640    -0.9980     0.0588    -0.0230     0.2873
		4800    -0.9979     0.0595    -0.0250     0.2870
		4960    -0.9974     0.0658    -0.0277     0.2873
		5120    -0.9969     0.0728    -0.0298     0.2881
		5280    -0.9969     0.0736    -0.0274     0.2891
		5440    -0.9976     0.0665    -0.0187     0.2895
		5600    -0.9984     0.0568    -0.0069     0.2891
		5760    -0.9987     0.0501     0.0030     0.2884
		5920    -0.9989     0.0469     0.0097     0.2880
		6080    -0.9989     0.0443     0.0153     0.2882
		6240    -0.9989     0.0408     0.0219     0.2887
		6400    -0.9989     0.0364     0.0298     0.2892
		6560    -0.9988     0.0316     0.0384     0.2897

#OBJECT 4
	*NodeName swat:Neck
	*ANIMATION 0 42 0
		0    -0.2216    -0.1821    -0.9580     0.1293
		160    -0.2278    -0.1906    -0.9549     0.1294
		320    -0.2298    -0.2024    -0.9519     0.1293
		480    -0.2258    -0.2221    -0.9485     0.1286
		640    -0.2149    -0.2452    -0.9454     0.1276
		800    -0.2008    -0.2649    -0.9431     0.1268
		960    -0.1950    -0.2831    -0.9391     0.1266
		1120    -0.2053    -0.3017    -0.9310     0.1271
		1280    -0.2200    -0.3096    -0.9251     0.1278
		1440    -0.2238    -0.2993    -0.9275     0.1283
		1600    -0.2176    -0.2778    -0.9357     0.1282
		1760    -0.2092    -0.2579    -0.9433     0.1276
		1920    -0.2015    -0.2512    -0.9467     0.1269
		2080    -0.1936    -0.2622    -0.9454     0.1268
		2240    -0.1871    -0.2837    -0.9405     0.1272
		2400    -0.1851    -0.3020    -0.9352     0.1274
		2560    -0.1875    -0.3074    -0.9329     0.1273
		2720    -0.1894    -0.3034    -0.9339     0.1271
		2880    -0.1861    -0.2998    -0.9357     0.1271
		3040    -0.1787    -0.2959    -0.9383     0.1273
		3200    -0.1739    -0.2773    -0.9449     0.1279
		3360    -0.1774    -0.2340    -0.9559     0.1290
		3520    -0.1859    -0.1812    -0.9657     0.1305
		3680    -0.1917    -0.1445    -0.9708     0.1314
		3840    -0.1925    -0.1279    -0.9729     0.1314
		4000    -0.1888    -0.1202    -0.9746     0.1310
		4160    -0.1800    -0.1135    -0.9771     0.1308
		4320    -0.1690    -0.1064    -0.9799     0.1311
		4480    -0.1642    -0.0994    -0.9814     0.1325
		4640    -0.1718    -0.0934    -0.9807     0.1344
		4800    -0.1916    -0.0882    -0.9775     0.1361
		4960    -0.2209    -0.0786    -0.9721     0.1365
		5120    -0.2560    -0.0617    -0.9647     0.1363
		5280    -0.2872    -0.0469    -0.9567     0.1367
		5440    -0.3005    -0.0451    -0.9527     0.1374
		5600    -0.2934    -0.0521    -0.9546     0.1372
		5760    -0.2781    -0.0562    -0.9589     0.1358
		5920    -0.2682    -0.0540    -0.9619     0.1347
		6080    -0.2664    -0.0527    -0.9624     0.1349
		6240    -0.2644    -0.0657    -0.9622     0.1350
		6400    -0.2541    -0.0982    -0.9622     0.1335
		6560    -0.2369    -0.1412    -0.9612     0.1311

#OBJECT 5
	*NodeName swat:Neck1
	*ANIMATION 0 42 0
		0    -0.2253    -0.1145    -0.9675     0.1290
		160    -0.2317    -0.1231    -0.9650     0.1290
		320    -0.2341    -0.1350    -0.9628     0.1288
		480    -0.2305    -0.1545    -0.9607     0.1279
		640    -0.2202    -0.1775    -0.9592     0.1266
		800    -0.2066    -0.1972    -0.9583     0.1255
		960    -0.2012    -0.2158    -0.9555     0.1252
		1120    -0.2119    -0.2349    -0.9486     0.1255
		1280    -0.2266    -0.2430    -0.9432     0.1263
		1440    -0.2299    -0.2321    -0.9451     0.1271
		1600    -0.2228    -0.2096    -0.9521     0.1273
		1760    -0.2140    -0.1885    -0.9585     0.1269
		1920    -0.2062    -0.1810    -0.9616     0.1263
		2080    -0.1984    -0.1918    -0.9612     0.1261
		2240    -0.1921    -0.2138    -0.9578     0.1264
		2400    -0.1905    -0.2327    -0.9537     0.1265
		2560    -0.1931    -0.2384    -0.9518     0.1262
		2720    -0.1950    -0.2346    -0.9523     0.1260
		2880    -0.1917    -0.2314    -0.9538     0.1260
		3040    -0.1841    -0.2279    -0.9561     0.1262
		3200    -0.1788    -0.2094    -0.9613     0.1269
		3360    -0.1814    -0.1661    -0.9693     0.1284
		3520    -0.1890    -0.1136    -0.9754     0.1303
		3680    -0.1943    -0.0775    -0.9779     0.1315
		3840    -0.1952    -0.0613    -0.9789     0.1315
		4000    -0.1916    -0.0536    -0.9800     0.1311
		4160    -0.1828    -0.0471    -0.9820     0.1308
		4320    -0.1718    -0.0404    -0.9843     0.1312
		4480    -0.1666    -0.0341    -0.9854     0.1326
		4640    -0.1738    -0.0291    -0.9843     0.1347
		4800    -0.1935    -0.0248    -0.9808     0.1364
		4960    -0.2229    -0.0156    -0.9747     0.1369
		5120    -0.2582     0.0012    -0.9661     0.1367
		5280    -0.2892     0.0156    -0.9571     0.1371
		5440    -0.3021     0.0172    -0.9531     0.1380
		5600    -0.2945     0.0109    -0.9556     0.1379
		5760    -0.2791     0.0079    -0.9602     0.1366
		5920    -0.2692     0.0110    -0.9630     0.1356
		6080    -0.2674     0.0123    -0.9635     0.1357
		6240    -0.2657    -0.0006    -0.9641     0.1357
		6400    -0.2560    -0.0323    -0.9661     0.1340
		6560    -0.2398    -0.0742    -0.9680     0.1312

#OBJECT 6
	*NodeName swat:Head
	*ANIMATION 0 42 0
		0     0.5109    -0.3570    -0.7820     0.3259
		160     0.4879    -0.3607    -0.7949     0.3209
		320     0.4669    -0.3568    -0.8091     0.3170
		480     0.4564    -0.3514    -0.8175     0.3134
		640     0.4541    -0.3513    -0.8188     0.3101
		800     0.4528    -0.3584    -0.8164     0.3079
		960     0.4508    -0.3689    -0.8128     0.3069
		1120     0.4516    -0.3790    -0.8077     0.3063
		1280     0.4561    -0.3898    -0.8000     0.3062
		1440     0.4639    -0.4001    -0.7904     0.3068
		1600     0.4748    -0.4038    -0.7820     0.3068
		1760     0.4848    -0.3964    -0.7796     0.3052
		1920     0.4878    -0.3830    -0.7845     0.3035
		2080     0.4837    -0.3741    -0.7913     0.3050
		2240     0.4785    -0.3718    -0.7955     0.3095
		2400     0.4761    -0.3700    -0.7978     0.3132
		2560     0.4763    -0.3649    -0.8000     0.3144
		2720     0.4770    -0.3565    -0.8033     0.3153
		2880     0.4761    -0.3461    -0.8084     0.3177
		3040     0.4740    -0.3363    -0.8138     0.3216
		3200     0.4724    -0.3327    -0.8162     0.3262
		3360     0.4717    -0.3395    -0.8138     0.3302
		3520     0.4700    -0.3511    -0.8099     0.3324
		3680     0.4650    -0.3565    -0.8104     0.3322
		3840     0.4572    -0.3532    -0.8162     0.3304
		4000     0.4496    -0.3469    -0.8231     0.3289
		4160     0.4434    -0.3443    -0.8276     0.3288
		4320     0.4368    -0.3488    -0.8292     0.3310
		4480     0.4282    -0.3597    -0.8290     0.3359
		4640     0.4199    -0.3729    -0.8274     0.3424
		4800     0.4176    -0.3817    -0.8246     0.3469
		4960     0.4243    -0.3823    -0.8208     0.3450
		5120     0.4369    -0.3786    -0.8159     0.3371
		5280     0.4494    -0.3771    -0.8098     0.3305
		5440     0.4614    -0.3794    -0.8020     0.3302
		5600     0.4788    -0.3820    -0.7904     0.3321
		5760     0.5011    -0.3828    -0.7761     0.3308
		5920     0.5179    -0.3796    -0.7666     0.3286
		6080     0.5227    -0.3720    -0.7671     0.3300
		6240     0.5209    -0.3636    -0.7723     0.3333
		6400     0.5197    -0.3593    -0.7752     0.3334
		6560     0.5180    -0.3590    -0.7764     0.3297

#OBJECT 7
	*NodeName swat:HeadTop_End
	*ANIMATION 0 0 0

#OBJECT 8
	*NodeName swat:LeftShoulder
	*ANIMATION 0 42 0
		0     0.9853    -0.1357     0.1039     0.6670
		160     0.9850    -0.1403     0.1007     0.6672
		320     0.9845    -0.1471     0.0957     0.6674
		480     0.9838    -0.1550     0.0898     0.6677
		640     0.9832    -0.1618     0.0841     0.6680
		800     0.9830    -0.1649     0.0805     0.6681
		960     0.9832    -0.1641     0.0800     0.6679
		1120     0.9834    -0.1614     0.0828     0.6679
		1280     0.9834    -0.1592     0.0875     0.6682
		1440     0.9832    -0.1574     0.0926     0.6685
		1600     0.9832    -0.1542     0.0974     0.6686
		1760     0.9837    -0.1492     0.1007     0.6684
		1920     0.9842    -0.1451     0.1011     0.6679
		2080     0.9846    -0.1446     0.0983     0.6675
		2240     0.9846    -0.1472     0.0941     0.6673
		2400     0.9845    -0.1501     0.0909     0.6673
		2560     0.9843    -0.1522     0.0894     0.6674
		2720     0.9840    -0.1549     0.0885     0.6676
		2880     0.9833    -0.1596     0.0871     0.6681
		3040     0.9826    -0.1648     0.0853     0.6686
		3200     0.9823    -0.1674     0.0838     0.6688
		3360     0.9826    -0.1660     0.0832     0.6685
		3520     0.9833    -0.1615     0.0839     0.6680
		3680     0.9839    -0.1566     0.0856     0.6675
		3840     0.9843    -0.1534     0.0873     0.6673
		4000     0.9843    -0.1535     0.0875     0.6673
		4160     0.9838    -0.1577     0.0854     0.6677
		4320     0.9828    -0.1658     0.0811     0.6683
		4480     0.9816    -0.1748     0.0765     0.6691
		4640     0.9807    -0.1809     0.0740     0.6697
		4800     0.9806    -0.1815     0.0744     0.6698
		4960     0.9811    -0.1777     0.0759     0.6694
		5120     0.9822    -0.1722     0.0756     0.6686
		5280     0.9834    -0.1660     0.0737     0.6676
		5440     0.9848    -0.1575     0.0736     0.6664
		5600     0.9863    -0.1457     0.0780     0.6653
		5760     0.9875    -0.1325     0.0852     0.6645
		5920     0.9882    -0.1233     0.0905     0.6640
		6080     0.9883    -0.1220     0.0911     0.6639
		6240     0.9879    -0.1269     0.0897     0.6642
		6400     0.9870    -0.1326     0.0910     0.6650
		6560     0.9861    -0.1355     0.0964     0.6660

#OBJECT 9
	*NodeName swat:LeftArm
	*ANIMATION 0 42 0
		0     0.4368     0.7283     0.5279     1.3536
		160     0.4383     0.7333     0.5197     1.3540
		320     0.4369     0.7354     0.5180     1.3549
		480     0.4334     0.7341     0.5228     1.3572
		640     0.4290     0.7316     0.5298     1.3606
		800     0.4248     0.7304     0.5347     1.3650
		960     0.4207     0.7300     0.5385     1.3735
		1120     0.4174     0.7279     0.5440     1.3876
		1280     0.4174     0.7243     0.5488     1.4015
		1440     0.4223     0.7222     0.5478     1.4067
		1600     0.4303     0.7231     0.5403     1.4024
		1760     0.4369     0.7266     0.5302     1.3951
		1920     0.4392     0.7317     0.5213     1.3904
		2080     0.4382     0.7366     0.5152     1.3894
		2240     0.4368     0.7389     0.5130     1.3913
		2400     0.4368     0.7377     0.5148     1.3939
		2560     0.4385     0.7343     0.5182     1.3939
		2720     0.4406     0.7309     0.5211     1.3899
		2880     0.4417     0.7291     0.5228     1.3840
		3040     0.4421     0.7291     0.5225     1.3783
		3200     0.4433     0.7308     0.5190     1.3728
		3360     0.4466     0.7332     0.5128     1.3669
		3520     0.4505     0.7348     0.5070     1.3612
		3680     0.4525     0.7346     0.5055     1.3574
		3840     0.4512     0.7323     0.5101     1.3558
		4000     0.4478     0.7285     0.5184     1.3560
		4160     0.4446     0.7256     0.5252     1.3562
		4320     0.4430     0.7264     0.5255     1.3557
		4480     0.4435     0.7278     0.5231     1.3599
		4640     0.4458     0.7222     0.5288     1.3755
		4800     0.4474     0.7098     0.5441     1.3965
		4960     0.4480     0.6932     0.5647     1.4160
		5120     0.4467     0.6789     0.5827     1.4311
		5280     0.4427     0.6786     0.5860     1.4311
		5440     0.4365     0.6878     0.5800     1.4276
		5600     0.4308     0.6993     0.5705     1.4219
		5760     0.4264     0.7116     0.5583     1.4072
		5920     0.4255     0.7167     0.5525     1.3979
		6080     0.4269     0.7147     0.5541     1.3998
		6240     0.4273     0.7184     0.5489     1.3936
		6400     0.4274     0.7246     0.5406     1.3822
		6560     0.4304     0.7328     0.5270     1.3598

#OBJECT 10
	*NodeName swat:LeftForeArm
	*ANIMATION 0 42 0
		0     0.0000     0.0000     1.0000     0.8615
		160     0.0000     0.0000     1.0000     0.8771
		320    -0.0000    -0.0000     1.0000     0.8819
		480    -0.0000    -0.0000     1.0000     0.8769
		640     0.0000     0.0000     1.0000     0.8689
		800     0.0000     0.0000     1.0000     0.8620
		960    -0.0000    -0.0000     1.0000     0.8499
		1120    -0.0000    -0.0000     1.0000     0.8262
		1280     0.0000     0.0000     1.0000     0.8011
		1440     0.0000    -0.0000     1.0000     0.7916
		1600     0.0000     0.0000     1.0000     0.8003
		1760    -0.0000    -0.0000     1.0000     0.8145
		1920    -0.0000     0.0000     1.0000     0.8221
		2080     0.0000     0.0000     1.0000     0.8224
		2240     0.0000     0.0000     1.0000     0.8203
		2400    -0.0000     0.0000     1.0000     0.8198
		2560     0.0000    -0.0000     1.0000     0.8217
		2720     0.0000    -0.0000     1.0000     0.8237
		2880    -0.0000     0.0000     1.0000     0.8231
		3040    -0.0000    -0.0000     1.0000     0.8212
		3200     0.0000     0.0000     1.0000     0.8213
		3360     0.0000     0.0000     1.0000     0.8232
		3520     0.0000    -0.0000     1.0000     0.8238
		3680     0.0000     0.0000     1.0000     0.8202
		3840     0.0000     0.0000     1.0000     0.8098
		4000    -0.0000    -0.0000     1.0000     0.7931
		4160     0.0000    -0.0000     1.0000     0.7751
		4320     0.0000    -0.0000     1.0000     0.7586
		4480    -0.0000    -0.0000     1.0000     0.7318
		4640     0.0000     0.0000     1.0000     0.6776
		4800    -0.0000    -0.0000     1.0000     0.6053
		4960    -0.0000    -0.0000     1.0000     0.5369
		5120    -0.0000     0.0000     1.0000     0.4863
		5280    -0.0000    -0.0000     1.0000     0.4867
		5440    -0.0000    -0.0000     1.0000     0.5101
		5600     0.0000     0.0000     1.0000     0.5566
		5760    -0.0000     0.0000     1.0000     0.6323
		5920    -0.0000    -0.0000     1.0000     0.6902
		6080    -0.0000    -0.0000     1.0000     0.7128
		6240     0.0000     0.0000     1.0000     0.7450
		6400     0.0000     0.0000     1.0000     0.7831
		6560    -0.0000    -0.0000     1.0000     0.8418

#OBJECT 11
	*NodeName swat:LeftHand
	*ANIMATION 0 42 0
		0     0.9644    -0.0370    -0.2618     2.0370
		160     0.9629    -0.0436    -0.2663     2.0341
		320     0.9630    -0.0449    -0.2657     2.0379
		480     0.9642    -0.0427    -0.2616     2.0464
		640     0.9657    -0.0396    -0.2566     2.0556
		800     0.9669    -0.0368    -0.2524     2.0600
		960     0.9680    -0.0322    -0.2490     2.0562
		1120     0.9689    -0.0244    -0.2462     2.0447
		1280     0.9694    -0.0157    -0.2451     2.0313
		1440     0.9690    -0.0105    -0.2469     2.0224
		1600     0.9681    -0.0104    -0.2504     2.0215
		1760     0.9674    -0.0129    -0.2530     2.0272
		1920     0.9671    -0.0147    -0.2540     2.0335
		2080     0.9668    -0.0159    -0.2549     2.0336
		2240     0.9661    -0.0182    -0.2577     2.0260
		2400     0.9647    -0.0219    -0.2624     2.0158
		2560     0.9635    -0.0257    -0.2665     2.0100
		2720     0.9632    -0.0279    -0.2675     2.0113
		2880     0.9638    -0.0279    -0.2653     2.0169
		3040     0.9646    -0.0266    -0.2624     2.0213
		3200     0.9650    -0.0252    -0.2612     2.0213
		3360     0.9648    -0.0241    -0.2618     2.0183
		3520     0.9645    -0.0234    -0.2629     2.0159
		3680     0.9646    -0.0227    -0.2628     2.0161
		3840     0.9653    -0.0207    -0.2603     2.0189
		4000     0.9667    -0.0169    -0.2552     2.0228
		4160     0.9685    -0.0119    -0.2488     2.0262
		4320     0.9702    -0.0059    -0.2422     2.0279
		4480     0.9718     0.0055    -0.2357     2.0255
		4640     0.9732     0.0267    -0.2286     2.0166
		4800     0.9739     0.0505    -0.2214     2.0064
		4960     0.9743     0.0677    -0.2147     1.9979
		5120     0.9749     0.0771    -0.2090     1.9946
		5280     0.9752     0.0744    -0.2082     1.9981
		5440     0.9749     0.0708    -0.2112     2.0040
		5600     0.9739     0.0627    -0.2182     2.0068
		5760     0.9726     0.0421    -0.2288     2.0100
		5920     0.9712     0.0239    -0.2371     2.0138
		6080     0.9704     0.0168    -0.2409     2.0181
		6240     0.9695     0.0057    -0.2451     2.0263
		6400     0.9681    -0.0080    -0.2503     2.0341
		6560     0.9658    -0.0295    -0.2577     2.0392

#OBJECT 12
	*NodeName swat:LeftInHandThumb
	*ANIMATION 0 42 0
		0    -0.4972     0.0513    -0.8661     0.3444
		160    -0.4956     0.0500    -0.8671     0.3492
		320    -0.4938     0.0465    -0.8683     0.3536
		480    -0.4925     0.0427    -0.8693     0.3564
		640    -0.4921     0.0412    -0.8695     0.3570
		800    -0.4928     0.0441    -0.8690     0.3561
		960    -0.4940     0.0516    -0.8679     0.3557
		1120    -0.4951     0.0621    -0.8666     0.3569
		1280    -0.4957     0.0715    -0.8656     0.3595
		1440    -0.4950     0.0739    -0.8657     0.3631
		1600    -0.4929     0.0667    -0.8675     0.3676
		1760    -0.4900     0.0547    -0.8700     0.3725
		1920    -0.4881     0.0470    -0.8715     0.3760
		2080    -0.4884     0.0485    -0.8713     0.3756
		2240    -0.4905     0.0563    -0.8696     0.3715
		2400    -0.4930     0.0637    -0.8677     0.3659
		2560    -0.4945     0.0669    -0.8666     0.3617
		2720    -0.4950     0.0663    -0.8664     0.3595
		2880    -0.4949     0.0647    -0.8665     0.3588
		3040    -0.4952     0.0653    -0.8663     0.3582
		3200    -0.4958     0.0685    -0.8657     0.3574
		3360    -0.4962     0.0709    -0.8653     0.3571
		3520    -0.4955     0.0681    -0.8660     0.3585
		3680    -0.4934     0.0595    -0.8678     0.3619
		3840    -0.4910     0.0500    -0.8697     0.3659
		4000    -0.4894     0.0450    -0.8709     0.3695
		4160    -0.4890     0.0470    -0.8710     0.3723
		4320    -0.4899     0.0568    -0.8699     0.3746
		4480    -0.4918     0.0727    -0.8676     0.3755
		4640    -0.4941     0.0888    -0.8649     0.3750
		4800    -0.4951     0.0959    -0.8635     0.3747
		4960    -0.4940     0.0900    -0.8648     0.3761
		5120    -0.4919     0.0779    -0.8672     0.3780
		5280    -0.4910     0.0691    -0.8684     0.3769
		5440    -0.4916     0.0643    -0.8684     0.3719
		5600    -0.4920     0.0569    -0.8687     0.3662
		5760    -0.4910     0.0438    -0.8701     0.3631
		5920    -0.4898     0.0320    -0.8712     0.3613
		6080    -0.4905     0.0300    -0.8709     0.3577
		6240    -0.4933     0.0380    -0.8690     0.3516
		6400    -0.4964     0.0485    -0.8667     0.3460
		6560    -0.4979     0.0538    -0.8656     0.3434

#OBJECT 13
	*NodeName swat:LeftHandThumb1
	*ANIMATION 0 42 0
		0    -0.7983    -0.5402     0.2663     0.3827
		160    -0.8027    -0.5342     0.2652     0.3805
		320    -0.8080    -0.5268     0.2640     0.3778
		480    -0.8134    -0.5190     0.2627     0.3751
		640    -0.8175    -0.5131     0.2617     0.3730
		800    -0.8187    -0.5113     0.2614     0.3723
		960    -0.8172    -0.5135     0.2618     0.3731
		1120    -0.8143    -0.5178     0.2625     0.3745
		1280    -0.8119    -0.5212     0.2630     0.3757
		1440    -0.8121    -0.5209     0.2630     0.3756
		1600    -0.8163    -0.5149     0.2620     0.3735
		1760    -0.8239    -0.5035     0.2601     0.3697
		1920    -0.8320    -0.4912     0.2581     0.3657
		2080    -0.8369    -0.4833     0.2568     0.3633
		2240    -0.8379    -0.4818     0.2565     0.3629
		2400    -0.8365    -0.4840     0.2569     0.3635
		2560    -0.8349    -0.4866     0.2573     0.3643
		2720    -0.8340    -0.4880     0.2576     0.3646
		2880    -0.8339    -0.4882     0.2576     0.3646
		3040    -0.8339    -0.4881     0.2576     0.3645
		3200    -0.8337    -0.4885     0.2576     0.3646
		3360    -0.8335    -0.4888     0.2577     0.3648
		3520    -0.8340    -0.4880     0.2576     0.3646
		3680    -0.8353    -0.4859     0.2572     0.3640
		3840    -0.8367    -0.4838     0.2569     0.3633
		4000    -0.8381    -0.4815     0.2565     0.3626
		4160    -0.8403    -0.4779     0.2559     0.3615
		4320    -0.8435    -0.4727     0.2551     0.3600
		4480    -0.8462    -0.4683     0.2544     0.3587
		4640    -0.8469    -0.4671     0.2542     0.3583
		4800    -0.8461    -0.4683     0.2544     0.3587
		4960    -0.8451    -0.4701     0.2547     0.3592
		5120    -0.8429    -0.4737     0.2552     0.3602
		5280    -0.8376    -0.4823     0.2566     0.3629
		5440    -0.8294    -0.4951     0.2587     0.3670
		5600    -0.8224    -0.5057     0.2605     0.3704
		5760    -0.8202    -0.5090     0.2610     0.3715
		5920    -0.8214    -0.5072     0.2607     0.3709
		6080    -0.8213    -0.5074     0.2608     0.3709
		6240    -0.8172    -0.5134     0.2618     0.3730
		6400    -0.8104    -0.5234     0.2634     0.3765
		6560    -0.8035    -0.5331     0.2651     0.3800

#OBJECT 14
	*NodeName swat:LeftHandThumb2_End
	*ANIMATION 0 0 0

#OBJECT 15
	*NodeName swat:LeftHandIndex1
	*ANIMATION 0 42 0
		0     0.0247     0.9964     0.0815     0.5904
		160     0.0230     0.9969     0.0747     0.5986
		320     0.0217     0.9973     0.0695     0.6066
		480     0.0213     0.9975     0.0676     0.6113
		640     0.0216     0.9974     0.0684     0.6117
		800     0.0218     0.9974     0.0693     0.6109
		960     0.0212     0.9975     0.0672     0.6131
		1120     0.0198     0.9979     0.0619     0.6200
		1280     0.0183     0.9983     0.0562     0.6293
		1440     0.0174     0.9984     0.0530     0.6374
		1600     0.0176     0.9984     0.0529     0.6420
		1760     0.0183     0.9983     0.0550     0.6423
		1920     0.0191     0.9981     0.0579     0.6387
		2080     0.0198     0.9980     0.0607     0.6317
		2240     0.0205     0.9978     0.0637     0.6227
		2400     0.0211     0.9976     0.0666     0.6138
		2560     0.0215     0.9974     0.0687     0.6068
		2720     0.0217     0.9973     0.0700     0.6021
		2880     0.0218     0.9972     0.0709     0.5987
		3040     0.0221     0.9972     0.0720     0.5966
		3200     0.0223     0.9971     0.0727     0.5963
		3360     0.0221     0.9972     0.0718     0.5987
		3520     0.0214     0.9974     0.0689     0.6035
		3680     0.0204     0.9977     0.0651     0.6092
		3840     0.0195     0.9979     0.0617     0.6144
		4000     0.0189     0.9981     0.0591     0.6198
		4160     0.0181     0.9983     0.0561     0.6263
		4320     0.0171     0.9985     0.0524     0.6329
		4480     0.0163     0.9986     0.0494     0.6366
		4640     0.0160     0.9987     0.0486     0.6368
		4800     0.0161     0.9987     0.0491     0.6364
		4960     0.0161     0.9987     0.0487     0.6382
		5120     0.0157     0.9988     0.0473     0.6407
		5280     0.0156     0.9988     0.0472     0.6400
		5440     0.0164     0.9986     0.0500     0.6349
		5600     0.0178     0.9983     0.0549     0.6280
		5760     0.0193     0.9980     0.0603     0.6209
		5920     0.0208     0.9976     0.0659     0.6126
		6080     0.0224     0.9971     0.0725     0.6021
		6240     0.0241     0.9965     0.0794     0.5916
		6400     0.0252     0.9961     0.0840     0.5855
		6560     0.0254     0.9961     0.0846     0.5856

#OBJECT 16
	*NodeName swat:LeftHandIndex2
	*ANIMATION 0 42 0
		0     0.0000     1.0000    -0.0000     1.0498
		160     0.0000     1.0000    -0.0000     1.0506
		320     0.0000     1.0000    -0.0000     1.0513
		480     0.0000     1.0000     0.0000     1.0516
		640     0.0000     1.0000    -0.0000     1.0516
		800    -0.0000     1.0000    -0.0000     1.0514
		960    -0.0000     1.0000    -0.0000     1.0513
		1120     0.0000     1.0000    -0.0000     1.0514
		1280    -0.0000     1.0000    -0.0000     1.0517
		1440    -0.0000     1.0000    -0.0000     1.0522
		1600    -0.0000     1.0000     0.0000     1.0527
		1760     0.0000     1.0000    -0.0000     1.0530
		1920    -0.0000     1.0000    -0.0000     1.0526
		2080     0.0000     1.0000    -0.0000     1.0516
		2240     0.0000     1.0000     0.0000     1.0505
		2400     0.0000     1.0000    -0.0000     1.0498
		2560     0.0000     1.0000    -0.0000     1.0497
		2720     0.0000     1.0000    -0.0000     1.0498
		2880    -0.0000     1.0000     0.0000     1.0498
		3040    -0.0000     1.0000    -0.0000     1.0494
		3200    -0.0000     1.0000     0.0000     1.0490
		3360     0.0000     1.0000     0.0000     1.0489
		3520    -0.0000     1.0000     0.0000     1.0493
		3680     0.0000     1.0000     0.0000     1.0499
		3840     0.0000     1.0000    -0.0000     1.0506
		4000     0.0000     1.0000     0.0000     1.0512
		4160    -0.0000     1.0000     0.0000     1.0518
		4320    -0.0000     1.0000     0.0000     1.0523
		4480     0.0000     1.0000     0.0000     1.0524
		4640     0.0000     1.0000     0.0000     1.0522
		4800    -0.0000     1.0000     0.0000     1.0521
		4960     0.0000     1.0000    -0.0000     1.0526
		5120     0.0000     1.0000     0.0000     1.0534
		5280     0.0000     1.0000    -0.0000     1.0538
		5440    -0.0000     1.0000    -0.0000     1.0536
		5600     0.0000     1.0000     0.0000     1.0531
		5760    -0.0000     1.0000    -0.0000     1.0528
		5920     0.0000     1.0000     0.0000     1.0523
		6080    -0.0000     1.0000    -0.0000     1.0516
		6240    -0.0000     1.0000    -0.0000     1.0507
		6400     0.0000     1.0000    -0.0000     1.0500
		6560     0.0000     1.0000    -0.0000     1.0497

#OBJECT 17
	*NodeName swat:LeftHandIndex3_End
	*ANIMATION 0 0 0

#OBJECT 18
	*NodeName swat:RightShoulder
	*ANIMATION 0 42 0
		0     0.9537     0.1212     0.2754     0.7338
		160     0.9541     0.1175     0.2754     0.7330
		320     0.9543     0.1146     0.2761     0.7325
		480     0.9541     0.1133     0.2772     0.7324
		640     0.9535     0.1147     0.2787     0.7329
		800     0.9524     0.1187     0.2806     0.7340
		960     0.9514     0.1224     0.2826     0.7350
		1120     0.9510     0.1219     0.2841     0.7351
		1280     0.9514     0.1173     0.2846     0.7343
		1440     0.9519     0.1142     0.2845     0.7336
		1600     0.9513     0.1185     0.2845     0.7344
		1760     0.9497     0.1302     0.2849     0.7369
		1920     0.9478     0.1418     0.2855     0.7395
		2080     0.9472     0.1449     0.2860     0.7403
		2240     0.9483     0.1375     0.2861     0.7386
		2400     0.9502     0.1245     0.2856     0.7357
		2560     0.9520     0.1130     0.2845     0.7332
		2720     0.9532     0.1068     0.2830     0.7318
		2880     0.9538     0.1051     0.2814     0.7313
		3040     0.9543     0.1048     0.2798     0.7310
		3200     0.9550     0.1039     0.2777     0.7306
		3360     0.9561     0.1023     0.2746     0.7299
		3520     0.9573     0.1004     0.2710     0.7291
		3680     0.9583     0.0991     0.2680     0.7285
		3840     0.9588     0.0990     0.2663     0.7283
		4000     0.9589     0.1000     0.2655     0.7284
		4160     0.9591     0.1010     0.2645     0.7285
		4320     0.9596     0.1005     0.2626     0.7282
		4480     0.9605     0.0975     0.2607     0.7274
		4640     0.9612     0.0920     0.2601     0.7263
		4800     0.9616     0.0845     0.2611     0.7251
		4960     0.9618     0.0768     0.2629     0.7240
		5120     0.9616     0.0719     0.2647     0.7234
		5280     0.9610     0.0731     0.2668     0.7238
		5440     0.9595     0.0811     0.2697     0.7255
		5600     0.9576     0.0925     0.2728     0.7279
		5760     0.9560     0.1024     0.2748     0.7300
		5920     0.9554     0.1079     0.2750     0.7311
		6080     0.9555     0.1098     0.2738     0.7313
		6240     0.9557     0.1109     0.2728     0.7314
		6400     0.9554     0.1132     0.2729     0.7318
		6560     0.9546     0.1170     0.2740     0.7327

#OBJECT 19
	*NodeName swat:RightArm
	*ANIMATION 0 42 0
		0    -0.1590    -0.6675    -0.7274     1.6444
		160    -0.1579    -0.6666    -0.7284     1.6430
		320    -0.1579    -0.6648    -0.7302     1.6415
		480    -0.1578    -0.6626    -0.7321     1.6385
		640    -0.1580    -0.6608    -0.7337     1.6344
		800    -0.1596    -0.6599    -0.7342     1.6305
		960    -0.1640    -0.6605    -0.7327     1.6263
		1120    -0.1704    -0.6621    -0.7298     1.6209
		1280    -0.1753    -0.6626    -0.7282     1.6175
		1440    -0.1754    -0.6602    -0.7303     1.6198
		1600    -0.1705    -0.6553    -0.7359     1.6269
		1760    -0.1632    -0.6506    -0.7417     1.6346
		1920    -0.1582    -0.6483    -0.7448     1.6409
		2080    -0.1576    -0.6491    -0.7442     1.6459
		2240    -0.1597    -0.6526    -0.7407     1.6486
		2400    -0.1614    -0.6573    -0.7362     1.6486
		2560    -0.1606    -0.6611    -0.7329     1.6487
		2720    -0.1581    -0.6631    -0.7317     1.6507
		2880    -0.1559    -0.6638    -0.7315     1.6545
		3040    -0.1555    -0.6638    -0.7316     1.6593
		3200    -0.1562    -0.6628    -0.7323     1.6655
		3360    -0.1566    -0.6609    -0.7340     1.6730
		3520    -0.1557    -0.6589    -0.7360     1.6794
		3680    -0.1544    -0.6584    -0.7366     1.6818
		3840    -0.1538    -0.6601    -0.7353     1.6810
		4000    -0.1543    -0.6626    -0.7329     1.6796
		4160    -0.1554    -0.6638    -0.7316     1.6800
		4320    -0.1572    -0.6618    -0.7330     1.6840
		4480    -0.1600    -0.6571    -0.7366     1.6923
		4640    -0.1634    -0.6529    -0.7396     1.7027
		4800    -0.1658    -0.6525    -0.7394     1.7108
		4960    -0.1653    -0.6560    -0.7364     1.7129
		5120    -0.1631    -0.6601    -0.7333     1.7102
		5280    -0.1634    -0.6613    -0.7321     1.7063
		5440    -0.1684    -0.6597    -0.7324     1.7025
		5600    -0.1749    -0.6583    -0.7321     1.6948
		5760    -0.1786    -0.6593    -0.7303     1.6810
		5920    -0.1775    -0.6614    -0.7288     1.6667
		6080    -0.1737    -0.6622    -0.7289     1.6570
		6240    -0.1700    -0.6623    -0.7297     1.6512
		6400    -0.1669    -0.6631    -0.7297     1.6473
		6560    -0.1635    -0.6650    -0.7287     1.6452

#OBJECT 20
	*NodeName swat:RightForeArm
	*ANIMATION 0 42 0
		0     0.0000    -0.0000    -1.0000     1.7424
		160     0.0000    -0.0000    -1.0000     1.7457
		320     0.0000    -0.0000    -1.0000     1.7482
		480    -0.0000     0.0000    -1.0000     1.7514
		640     0.0000    -0.0000    -1.0000     1.7556
		800    -0.0000     0.0000    -1.0000     1.7597
		960    -0.0000     0.0000    -1.0000     1.7628
		1120     0.0000    -0.0000    -1.0000     1.7643
		1280     0.0000    -0.0000    -1.0000     1.7636
		1440    -0.0000     0.0000    -1.0000     1.7596
		1600    -0.0000     0.0000    -1.0000     1.7536
		1760    -0.0000     0.0000    -1.0000     1.7482
		1920     0.0000    -0.0000    -1.0000     1.7435
		2080    -0.0000    -0.0000    -1.0000     1.7383
		2240     0.0000    -0.0000    -1.0000     1.7345
		2400    -0.0000     0.0000    -1.0000     1.7341
		2560     0.0000    -0.0000    -1.0000     1.7344
		2720     0.0000    -0.0000    -1.0000     1.7315
		2880     0.0000    -0.0000    -1.0000     1.7253
		3040     0.0000    -0.0000    -1.0000     1.7172
		3200     0.0000    -0.0000    -1.0000     1.7074
		3360    -0.0000     0.0000    -1.0000     1.6957
		3520     0.0000    -0.0000    -1.0000     1.6842
		3680     0.0000    -0.0000    -1.0000     1.6768
		3840     0.0000    -0.0000    -1.0000     1.6734
		4000     0.0000    -0.0000    -1.0000     1.6698
		4160     0.0000    -0.0000    -1.0000     1.6619
		4320    -0.0000     0.0000    -1.0000     1.6476
		4480    -0.0000     0.0000    -1.0000     1.6279
		4640    -0.0000     0.0000    -1.0000     1.6077
		4800     0.0000    -0.0000    -1.0000     1.5911
		4960    -0.0000     0.0000    -1.0000     1.5798
		5120    -0.0000     0.0000    -1.0000     1.5746
		5280     0.0000    -0.0000    -1.0000     1.5785
		5440     0.0000    -0.0000    -1.0000     1.5944
		5600    -0.0000     0.0000    -1.0000     1.6223
		5760     0.0000    -0.0000    -1.0000     1.6560
		5920     0.0000    -0.0000    -1.0000     1.6847
		6080     0.0000    -0.0000    -1.0000     1.7038
		6240     0.0000    -0.0000    -1.0000     1.7172
		6400    -0.0000     0.0000    -1.0000     1.7287
		6560    -0.0000     0.0000    -1.0000     1.7375

#OBJECT 21
	*NodeName swat:RightHand
	*ANIMATION 0 42 0
		0     0.7425     0.3403     0.5770     1.0487
		160     0.7445     0.3324     0.5790     1.0530
		320     0.7440     0.3312     0.5804     1.0562
		480     0.7419     0.3345     0.5810     1.0600
		640     0.7399     0.3395     0.5808     1.0642
		800     0.7386     0.3452     0.5790     1.0665
		960     0.7377     0.3530     0.5755     1.0659
		1120     0.7363     0.3636     0.5707     1.0639
		1280     0.7338     0.3751     0.5664     1.0627
		1440     0.7314     0.3831     0.5642     1.0632
		1600     0.7302     0.3839     0.5652     1.0665
		1760     0.7295     0.3775     0.5703     1.0731
		1920     0.7293     0.3678     0.5770     1.0798
		2080     0.7313     0.3585     0.5803     1.0816
		2240     0.7354     0.3510     0.5796     1.0781
		2400     0.7391     0.3458     0.5781     1.0729
		2560     0.7416     0.3415     0.5775     1.0680
		2720     0.7437     0.3371     0.5773     1.0627
		2880     0.7464     0.3334     0.5760     1.0570
		3040     0.7496     0.3315     0.5729     1.0509
		3200     0.7535     0.3305     0.5683     1.0449
		3360     0.7575     0.3281     0.5645     1.0398
		3520     0.7605     0.3230     0.5632     1.0365
		3680     0.7620     0.3172     0.5646     1.0352
		3840     0.7625     0.3135     0.5659     1.0336
		4000     0.7643     0.3129     0.5639     1.0298
		4160     0.7689     0.3130     0.5575     1.0240
		4320     0.7756     0.3121     0.5486     1.0182
		4480     0.7802     0.3156     0.5401     1.0141
		4640     0.7785     0.3306     0.5334     1.0120
		4800     0.7742     0.3445     0.5310     1.0123
		4960     0.7744     0.3476     0.5288     1.0105
		5120     0.7769     0.3415     0.5289     1.0093
		5280     0.7777     0.3350     0.5319     1.0110
		5440     0.7676     0.3423     0.5419     1.0214
		5600     0.7525     0.3594     0.5518     1.0330
		5760     0.7436     0.3659     0.5597     1.0392
		5920     0.7376     0.3662     0.5673     1.0424
		6080     0.7298     0.3693     0.5753     1.0476
		6240     0.7272     0.3636     0.5822     1.0532
		6400     0.7282     0.3545     0.5865     1.0584
		6560     0.7381     0.3392     0.5833     1.0547

#OBJECT 22
	*NodeName swat:RightInHandThumb
	*ANIMATION 0 42 0
		0    -0.6176    -0.5997     0.5088     0.4497
		160    -0.6182    -0.5987     0.5093     0.4487
		320    -0.6187    -0.5977     0.5098     0.4478
		480    -0.6190    -0.5973     0.5099     0.4472
		640    -0.6188    -0.5979     0.5095     0.4475
		800    -0.6179    -0.5998     0.5084     0.4488
		960    -0.6166    -0.6022     0.5071     0.4507
		1120    -0.6157    -0.6039     0.5062     0.4520
		1280    -0.6157    -0.6042     0.5059     0.4520
		1440    -0.6162    -0.6036     0.5060     0.4510
		1600    -0.6167    -0.6029     0.5062     0.4500
		1760    -0.6169    -0.6027     0.5062     0.4495
		1920    -0.6170    -0.6025     0.5063     0.4493
		2080    -0.6173    -0.6018     0.5066     0.4489
		2240    -0.6179    -0.6009     0.5071     0.4480
		2400    -0.6182    -0.6003     0.5074     0.4474
		2560    -0.6181    -0.6006     0.5072     0.4476
		2720    -0.6174    -0.6019     0.5065     0.4487
		2880    -0.6163    -0.6038     0.5055     0.4503
		3040    -0.6153    -0.6059     0.5044     0.4519
		3200    -0.6146    -0.6073     0.5035     0.4528
		3360    -0.6144    -0.6078     0.5030     0.4528
		3520    -0.6146    -0.6078     0.5028     0.4526
		3680    -0.6147    -0.6078     0.5027     0.4524
		3840    -0.6146    -0.6081     0.5025     0.4525
		4000    -0.6142    -0.6088     0.5020     0.4529
		4160    -0.6139    -0.6095     0.5016     0.4532
		4320    -0.6139    -0.6095     0.5017     0.4532
		4480    -0.6145    -0.6082     0.5025     0.4523
		4640    -0.6158    -0.6056     0.5040     0.4505
		4800    -0.6173    -0.6025     0.5059     0.4485
		4960    -0.6187    -0.5993     0.5079     0.4467
		5120    -0.6199    -0.5964     0.5099     0.4455
		5280    -0.6205    -0.5943     0.5117     0.4451
		5440    -0.6204    -0.5935     0.5127     0.4459
		5600    -0.6196    -0.5944     0.5126     0.4476
		5760    -0.6184    -0.5965     0.5115     0.4494
		5920    -0.6175    -0.5986     0.5102     0.4506
		6080    -0.6172    -0.5999     0.5092     0.4507
		6240    -0.6173    -0.6001     0.5087     0.4501
		6400    -0.6176    -0.5999     0.5086     0.4495
		6560    -0.6177    -0.5997     0.5087     0.4494

#OBJECT 23
	*NodeName swat:RightHandThumb1
	*ANIMATION 0 42 0
		0    -0.6482     0.7113     0.2720     0.4567
		160    -0.6476     0.7128     0.2694     0.4560
		320    -0.6471     0.7140     0.2674     0.4554
		480    -0.6469     0.7146     0.2664     0.4551
		640    -0.6470     0.7142     0.2670     0.4553
		800    -0.6476     0.7128     0.2694     0.4559
		960    -0.6483     0.7110     0.2725     0.4568
		1120    -0.6487     0.7099     0.2742     0.4574
		1280    -0.6484     0.7106     0.2730     0.4570
		1440    -0.6475     0.7130     0.2690     0.4558
		1600    -0.6464     0.7158     0.2642     0.4545
		1760    -0.6456     0.7178     0.2609     0.4535
		1920    -0.6453     0.7185     0.2596     0.4532
		2080    -0.6453     0.7185     0.2595     0.4533
		2240    -0.6452     0.7186     0.2594     0.4532
		2400    -0.6450     0.7190     0.2587     0.4530
		2560    -0.6449     0.7193     0.2583     0.4528
		2720    -0.6451     0.7189     0.2588     0.4530
		2880    -0.6455     0.7180     0.2603     0.4534
		3040    -0.6459     0.7170     0.2622     0.4539
		3200    -0.6462     0.7162     0.2637     0.4543
		3360    -0.6463     0.7158     0.2644     0.4544
		3520    -0.6463     0.7159     0.2643     0.4544
		3680    -0.6462     0.7161     0.2638     0.4543
		3840    -0.6462     0.7162     0.2635     0.4542
		4000    -0.6465     0.7157     0.2644     0.4545
		4160    -0.6469     0.7144     0.2665     0.4551
		4320    -0.6475     0.7130     0.2690     0.4558
		4480    -0.6478     0.7123     0.2703     0.4562
		4640    -0.6476     0.7127     0.2696     0.4560
		4800    -0.6471     0.7140     0.2674     0.4554
		4960    -0.6466     0.7153     0.2651     0.4547
		5120    -0.6463     0.7160     0.2639     0.4544
		5280    -0.6464     0.7157     0.2644     0.4545
		5440    -0.6468     0.7146     0.2664     0.4551
		5600    -0.6474     0.7132     0.2688     0.4558
		5760    -0.6479     0.7120     0.2705     0.4563
		5920    -0.6483     0.7113     0.2715     0.4567
		6080    -0.6485     0.7109     0.2722     0.4569
		6240    -0.6486     0.7105     0.2729     0.4571
		6400    -0.6486     0.7104     0.2734     0.4571
		6560    -0.6484     0.7106     0.2732     0.4570

#OBJECT 24
	*NodeName swat:RightHandThumb2_End
	*ANIMATION 0 0 0

#OBJECT 25
	*NodeName swat:RightHandIndex1
	*ANIMATION 0 42 0
		0     0.0350    -0.9187    -0.3933     0.1933
		160     0.0351    -0.9168    -0.3978     0.1921
		320     0.0352    -0.9143    -0.4035     0.1902
		480     0.0352    -0.9121    -0.4084     0.1882
		640     0.0351    -0.9116    -0.4095     0.1873
		800     0.0349    -0.9139    -0.4045     0.1883
		960     0.0348    -0.9185    -0.3938     0.1917
		1120     0.0347    -0.9242    -0.3803     0.1966
		1280     0.0345    -0.9293    -0.3678     0.2014
		1440     0.0344    -0.9328    -0.3588     0.2049
		1600     0.0343    -0.9346    -0.3539     0.2066
		1760     0.0342    -0.9354    -0.3519     0.2073
		1920     0.0343    -0.9356    -0.3515     0.2078
		2080     0.0344    -0.9352    -0.3524     0.2081
		2240     0.0345    -0.9341    -0.3552     0.2074
		2400     0.0346    -0.9324    -0.3598     0.2056
		2560     0.0346    -0.9306    -0.3645     0.2035
		2720     0.0347    -0.9295    -0.3672     0.2024
		2880     0.0347    -0.9295    -0.3673     0.2028
		3040     0.0349    -0.9303    -0.3652     0.2045
		3200     0.0349    -0.9317    -0.3617     0.2067
		3360     0.0350    -0.9332    -0.3577     0.2087
		3520     0.0349    -0.9343    -0.3547     0.2100
		3680     0.0348    -0.9348    -0.3534     0.2102
		3840     0.0348    -0.9349    -0.3532     0.2103
		4000     0.0349    -0.9356    -0.3514     0.2117
		4160     0.0351    -0.9376    -0.3459     0.2157
		4320     0.0353    -0.9408    -0.3373     0.2216
		4480     0.0354    -0.9437    -0.3288     0.2270
		4640     0.0353    -0.9455    -0.3238     0.2295
		4800     0.0350    -0.9458    -0.3230     0.2283
		4960     0.0346    -0.9452    -0.3248     0.2246
		5120     0.0342    -0.9444    -0.3271     0.2204
		5280     0.0338    -0.9436    -0.3295     0.2166
		5440     0.0335    -0.9422    -0.3333     0.2127
		5600     0.0334    -0.9397    -0.3403     0.2082
		5760     0.0335    -0.9360    -0.3503     0.2038
		5920     0.0339    -0.9317    -0.3617     0.2003
		6080     0.0343    -0.9274    -0.3726     0.1981
		6240     0.0348    -0.9235    -0.3819     0.1965
		6400     0.0350    -0.9206    -0.3890     0.1951
		6560     0.0351    -0.9189    -0.3930     0.1939

#OBJECT 26
	*NodeName swat:RightHandIndex2
	*ANIMATION 0 0 0

#OBJECT 27
	*NodeName swat:RightHandIndex3_End
	*ANIMATION 0 0 0

#OBJECT 28
	*NodeName swat:LeftUpLeg
	*ANIMATION 0 42 0
		0    -0.0093    -0.2826    -0.9592     0.7023
		160    -0.1236    -0.2647    -0.9564     0.5982
		320    -0.2332    -0.2191    -0.9474     0.4824
		480    -0.3144    -0.1294    -0.9404     0.3768
		640    -0.3691     0.0171    -0.9292     0.3053
		800    -0.4378     0.1989    -0.8768     0.2726
		960    -0.5317     0.3728    -0.7605     0.2642
		1120    -0.6064     0.5018    -0.6168     0.2691
		1280    -0.6264     0.5811    -0.5195     0.2802
		1440    -0.5950     0.6446    -0.4800     0.2928
		1600    -0.5357     0.7140    -0.4508     0.3060
		1760    -0.4760     0.7752    -0.4154     0.3151
		1920    -0.4369     0.8052    -0.4009     0.3175
		2080    -0.4156     0.8011    -0.4307     0.3126
		2240    -0.3983     0.7776    -0.4865     0.3057
		2400    -0.3733     0.7590    -0.5334     0.3002
		2560    -0.3397     0.7552    -0.5607     0.2946
		2720    -0.2896     0.7561    -0.5869     0.2856
		2880    -0.2092     0.7511    -0.6262     0.2737
		3040    -0.0948     0.7304    -0.6765     0.2643
		3200     0.0565     0.6674    -0.7426     0.2585
		3360     0.2342     0.5349    -0.8118     0.2612
		3520     0.4062     0.3494    -0.8444     0.2782
		3680     0.5404     0.1671    -0.8246     0.3092
		3840     0.6305     0.0160    -0.7760     0.3505
		4000     0.6868    -0.1064    -0.7191     0.4014
		4160     0.7253    -0.2017    -0.6582     0.4614
		4320     0.7583    -0.2661    -0.5951     0.5269
		4480     0.7887    -0.3046    -0.5339     0.5909
		4640     0.8117    -0.3307    -0.4815     0.6438
		4800     0.8188    -0.3596    -0.4474     0.6751
		4960     0.8060    -0.3982    -0.4379     0.6805
		5120     0.7897    -0.4287    -0.4388     0.6774
		5280     0.7788    -0.4362    -0.4507     0.6659
		5440     0.7718    -0.4222    -0.4754     0.6477
		5600     0.7610    -0.4056    -0.5064     0.6253
		5760     0.7466    -0.3986    -0.5327     0.6049
		5920     0.7209    -0.3943    -0.5700     0.5925
		6080     0.6588    -0.3827    -0.6477     0.5909
		6240     0.5391    -0.3642    -0.7595     0.6023
		6400     0.3687    -0.3417    -0.8645     0.6274
		6560     0.1773    -0.3154    -0.9322     0.6625

#OBJECT 29
	*NodeName swat:LeftLeg
	*ANIMATION 0 42 0
		0    -0.9957    -0.0899    -0.0199     0.8669
		160    -0.9987    -0.0342    -0.0388     0.9071
		320    -0.9984     0.0555    -0.0089     0.9431
		480    -0.9885     0.1446     0.0437     0.9817
		640    -0.9777     0.1956     0.0767     0.9975
		800    -0.9769     0.2013     0.0724     0.9630
		960    -0.9827     0.1798     0.0443     0.8901
		1120    -0.9882     0.1524     0.0145     0.8170
		1280    -0.9911     0.1327    -0.0102     0.7742
		1440    -0.9917     0.1214    -0.0420     0.7656
		1600    -0.9905     0.1098    -0.0828     0.7765
		1760    -0.9889     0.0965    -0.1129     0.7911
		1920    -0.9884     0.0892    -0.1226     0.7949
		2080    -0.9884     0.0937    -0.1196     0.7812
		2240    -0.9877     0.1069    -0.1138     0.7515
		2400    -0.9864     0.1203    -0.1124     0.7076
		2560    -0.9846     0.1282    -0.1192     0.6540
		2720    -0.9831     0.1314    -0.1273     0.6029
		2880    -0.9831     0.1307    -0.1281     0.5654
		3040    -0.9845     0.1264    -0.1214     0.5454
		3200    -0.9864     0.1235    -0.1087     0.5493
		3360    -0.9880     0.1219    -0.0944     0.5781
		3520    -0.9900     0.1170    -0.0791     0.6256
		3680    -0.9922     0.1076    -0.0628     0.6802
		3840    -0.9942     0.0971    -0.0473     0.7341
		4000    -0.9955     0.0878    -0.0341     0.7852
		4160    -0.9966     0.0789    -0.0214     0.8323
		4320    -0.9977     0.0678    -0.0092     0.8695
		4480    -0.9986     0.0526     0.0023     0.8862
		4640    -0.9994     0.0315     0.0143     0.8674
		4800    -0.9995     0.0026     0.0306     0.7910
		4960    -0.9980    -0.0416     0.0469     0.6596
		5120    -0.9935    -0.1038     0.0457     0.5567
		5280    -0.9877    -0.1497     0.0457     0.4921
		5440    -0.9885    -0.1389     0.0602     0.4710
		5600    -0.9937    -0.0900     0.0672     0.4920
		5760    -0.9969    -0.0541     0.0563     0.5620
		5920    -0.9981    -0.0447     0.0425     0.6694
		6080    -0.9984    -0.0449     0.0342     0.7806
		6240    -0.9986    -0.0476     0.0238     0.8641
		6400    -0.9984    -0.0560     0.0066     0.9055
		6560    -0.9974    -0.0705    -0.0109     0.9048

#OBJECT 30
	*NodeName swat:LeftFoot
	*ANIMATION 0 42 0
		0     0.7828     0.0013    -0.6223     0.1574
		160     0.6861     0.4580    -0.5652     0.0614
		320    -0.6285     0.7760    -0.0531     0.1150
		480    -0.6716     0.7400    -0.0362     0.2675
		640    -0.6394     0.7671    -0.0526     0.4090
		800    -0.6348     0.7710    -0.0499     0.4819
		960    -0.6290     0.7763    -0.0409     0.4400
		1120    -0.5739     0.8183    -0.0319     0.2871
		1280    -0.0831     0.9965    -0.0092     0.0848
		1440     0.9253    -0.3789     0.0155     0.1732
		1600     0.8735    -0.4862    -0.0264     0.3639
		1760     0.8853    -0.4581    -0.0803     0.5042
		1920     0.8980    -0.4236    -0.1193     0.5923
		2080     0.8969    -0.4222    -0.1316     0.6200
		2240     0.8843    -0.4483    -0.1302     0.6093
		2400     0.8653    -0.4812    -0.1404     0.5778
		2560     0.8467    -0.5021    -0.1757     0.5352
		2720     0.8315    -0.5017    -0.2384     0.4814
		2880     0.8100    -0.4880    -0.3251     0.4267
		3040     0.7701    -0.4851    -0.4143     0.3908
		3200     0.7298    -0.4836    -0.4833     0.3691
		3360     0.7113    -0.4715    -0.5213     0.3534
		3520     0.7167    -0.4438    -0.5380     0.3393
		3680     0.7315    -0.4031    -0.5499     0.3254
		3840     0.7463    -0.3589    -0.5606     0.3096
		4000     0.7594    -0.3178    -0.5677     0.2901
		4160     0.7643    -0.2586    -0.5907     0.2639
		4320     0.7435    -0.1711    -0.6465     0.2337
		4480     0.6580    -0.0359    -0.7521     0.1968
		4640     0.3716     0.1822    -0.9103     0.1548
		4800    -0.3369     0.4045    -0.8502     0.1512
		4960    -0.6642     0.4222    -0.6169     0.1949
		5120    -0.1609     0.5184    -0.8399     0.1624
		5280     0.5293     0.3137    -0.7883     0.2381
		5440     0.6274     0.1624    -0.7616     0.3216
		5600     0.5778     0.0470    -0.8148     0.3126
		5760     0.5624    -0.0417    -0.8258     0.2440
		5920     0.6940    -0.0514    -0.7181     0.1893
		6080     0.7839    -0.0535    -0.6186     0.1927
		6240     0.7416    -0.1256    -0.6590     0.2280
		6400     0.7005    -0.1886    -0.6883     0.2539
		6560     0.7210    -0.1817    -0.6687     0.2324

#OBJECT 31
	*NodeName swat:LeftToeBase
	*ANIMATION 0 42 0
		0     1.0000     0.0000    -0.0000     0.0623
		160     1.0000    -0.0000    -0.0000     0.0904
		320     1.0000    -0.0000     0.0000     0.0882
		480     1.0000     0.0000    -0.0000     0.0289
		640     1.0000     0.0000    -0.0000     0.0073
		800     1.0000     0.0000     0.0000     0.1558
		960     1.0000    -0.0075    -0.0018     0.4396
		1120     1.0000     0.0000     0.0000     0.6588
		1280     1.0000    -0.0000     0.0000     0.6977
		1440     1.0000     0.0000     0.0000     0.6000
		1600     1.0000    -0.0000     0.0000     0.4621
		1760     1.0000    -0.0000    -0.0000     0.3381
		1920     1.0000     0.0000    -0.0000     0.2420
		2080     1.0000    -0.0000    -0.0000     0.1774
		2240     1.0000     0.0000    -0.0000     0.1409
		2400     1.0000     0.0000     0.0000     0.1217
		2560     1.0000     0.0000    -0.0000     0.1100
		2720     1.0000     0.0000     0.0000     0.1035
		2880     1.0000     0.0000    -0.0000     0.1023
		3040     1.0000    -0.0000    -0.0000     0.1037
		3200     1.0000     0.0000    -0.0000     0.1041
		3360     1.0000     0.0000    -0.0000     0.1030
		3520     1.0000    -0.0000     0.0000     0.1015
		3680     1.0000     0.0000    -0.0000     0.1007
		3840     1.0000     0.0000    -0.0000     0.1005
		4000     1.0000     0.0000     0.0000     0.1003
		4160     1.0000    -0.0000    -0.0000     0.0991
		4320     1.0000    -0.0000    -0.0000     0.0975
		4480     1.0000     0.0000    -0.0000     0.0987
		4640     1.0000    -0.0000     0.0000     0.1049
		4800     1.0000     0.0000    -0.0000     0.1129
		4960     1.0000    -0.0000    -0.0000     0.1154
		5120     1.0000     0.0000     0.0000     0.1061
		5280     1.0000     0.0000     0.0000     0.0982
		5440     1.0000    -0.0000     0.0000     0.1019
		5600     1.0000     0.0000     0.0000     0.0978
		5760     1.0000     0.0000    -0.0000     0.0775
		5920     1.0000     0.0000    -0.0000     0.0501
		6080     1.0000     0.0000    -0.0000     0.0357
		6240     1.0000    -0.0000     0.0000     0.0383
		6400     1.0000    -0.0000    -0.0000     0.0470
		6560     1.0000     0.0000     0.0000     0.0573

#OBJECT 32
	*NodeName swat:LeftFootToeBase_End
	*ANIMATION 0 0 0

#OBJECT 33
	*NodeName swat:RightUpLeg
	*ANIMATION 0 42 0
		0     0.2254    -0.4109    -0.8834     0.1840
		160     0.5408    -0.3995    -0.7402     0.2274
		320     0.7140    -0.3597    -0.6007     0.2839
		480     0.8077    -0.3244    -0.4923     0.3484
		640     0.8621    -0.2958    -0.4115     0.4135
		800     0.8975    -0.2686    -0.3499     0.4709
		960     0.9196    -0.2458    -0.3065     0.5158
		1120     0.9310    -0.2313    -0.2823     0.5516
		1280     0.9396    -0.2123    -0.2684     0.5888
		1440     0.9520    -0.1702    -0.2543     0.6313
		1600     0.9635    -0.1060    -0.2457     0.6652
		1760     0.9647    -0.0461    -0.2593     0.6739
		1920     0.9544    -0.0136    -0.2981     0.6745
		2080     0.9326    -0.0072    -0.3609     0.6718
		2240     0.9027    -0.0179    -0.4300     0.6629
		2400     0.8725    -0.0283    -0.4879     0.6374
		2560     0.8510    -0.0303    -0.5243     0.5957
		2720     0.8395    -0.0213    -0.5429     0.5425
		2880     0.8338     0.0035    -0.5521     0.4857
		3040     0.8239     0.0529    -0.5642     0.4270
		3200     0.7940     0.1395    -0.5917     0.3636
		3360     0.7121     0.2900    -0.6394     0.2953
		3520     0.4923     0.5483    -0.6760     0.2348
		3680     0.0342     0.8239    -0.5658     0.2196
		3840    -0.3911     0.8622    -0.3218     0.2762
		4000    -0.5968     0.7876    -0.1536     0.3712
		4160    -0.6855     0.7247    -0.0694     0.4638
		4320    -0.7210     0.6919    -0.0388     0.5251
		4480    -0.7302     0.6816    -0.0464     0.5405
		4640    -0.7412     0.6678    -0.0683     0.5154
		4800    -0.7801     0.6204    -0.0803     0.4634
		4960    -0.8442     0.5270    -0.0981     0.3923
		5120    -0.9030     0.3891    -0.1820     0.3072
		5280    -0.9068     0.1821    -0.3803     0.2290
		5440    -0.7764    -0.0782    -0.6253     0.1843
		5600    -0.5877    -0.2916    -0.7547     0.1699
		5760    -0.4690    -0.4347    -0.7688     0.1672
		5920    -0.3967    -0.5177    -0.7580     0.1678
		6080    -0.3204    -0.5421    -0.7768     0.1682
		6240    -0.2232    -0.5259    -0.8207     0.1678
		6400    -0.0979    -0.4934    -0.8643     0.1691
		6560     0.0560    -0.4557    -0.8883     0.1745

#OBJECT 34
	*NodeName swat:RightLeg
	*ANIMATION 0 42 0
		0    -0.9831    -0.0362     0.1793     0.5883
		160    -0.9842    -0.0473     0.1704     0.6575
		320    -0.9855    -0.0648     0.1570     0.7184
		480    -0.9863    -0.0815     0.1432     0.7741
		640    -0.9861    -0.0984     0.1339     0.8198
		800    -0.9842    -0.1192     0.1312     0.8458
		960    -0.9807    -0.1444     0.1318     0.8434
		1120    -0.9770    -0.1693     0.1300     0.8184
		1280    -0.9750    -0.1862     0.1214     0.8004
		1440    -0.9756    -0.1889     0.1117     0.8158
		1600    -0.9774    -0.1820     0.1078     0.8444
		1760    -0.9792    -0.1694     0.1117     0.8497
		1920    -0.9834    -0.1391     0.1161     0.8633
		2080    -0.9891    -0.0888     0.1175     0.9065
		2240    -0.9931    -0.0310     0.1133     0.9661
		2400    -0.9950     0.0237     0.0975     1.0158
		2560    -0.9942     0.0773     0.0743     1.0512
		2720    -0.9903     0.1285     0.0524     1.0749
		2880    -0.9848     0.1695     0.0369     1.0942
		3040    -0.9809     0.1927     0.0260     1.1124
		3200    -0.9804     0.1963     0.0167     1.1257
		3360    -0.9830     0.1834     0.0094     1.1236
		3520    -0.9870     0.1606     0.0076     1.0947
		3680    -0.9910     0.1335     0.0131     1.0334
		3840    -0.9948     0.1003     0.0166     0.9419
		4000    -0.9987     0.0507    -0.0092     0.8286
		4160    -0.9958    -0.0178    -0.0900     0.7155
		4320    -0.9765    -0.0847    -0.1983     0.6407
		4480    -0.9592    -0.1221    -0.2549     0.6232
		4640    -0.9602    -0.1275    -0.2483     0.6371
		4800    -0.9642    -0.1204    -0.2361     0.6499
		4960    -0.9641    -0.1152    -0.2391     0.6653
		5120    -0.9682    -0.1081    -0.2258     0.7089
		5280    -0.9814    -0.0846    -0.1724     0.7626
		5440    -0.9938    -0.0462    -0.1015     0.7958
		5600    -0.9991    -0.0085    -0.0419     0.7974
		5760    -0.9999     0.0158    -0.0046     0.7719
		5920    -0.9996     0.0233     0.0166     0.7324
		6080    -0.9992     0.0168     0.0365     0.6912
		6240    -0.9978     0.0035     0.0659     0.6547
		6400    -0.9944    -0.0085     0.1056     0.6259
		6560    -0.9889    -0.0189     0.1473     0.6050

#OBJECT 35
	*NodeName swat:RightFoot
	*ANIMATION 0 42 0
		0     0.6926    -0.0047     0.7213     0.5000
		160     0.6662     0.0384     0.7448     0.4954
		320     0.6294     0.0871     0.7722     0.4926
		480     0.5847     0.1316     0.8005     0.4903
		640     0.5374     0.1690     0.8262     0.4876
		800     0.4810     0.2120     0.8507     0.4843
		960     0.3933     0.2855     0.8740     0.4840
		1120     0.2699     0.3755     0.8867     0.4910
		1280     0.1733     0.3791     0.9090     0.4883
		1440     0.1923     0.1480     0.9701     0.4586
		1600     0.2525    -0.3622     0.8972     0.4741
		1760     0.2318    -0.7147     0.6600     0.5777
		1920     0.2044    -0.8175     0.5384     0.6468
		2080     0.2276    -0.8171     0.5297     0.6526
		2240     0.2729    -0.7669     0.5809     0.6021
		2400     0.3181    -0.7239     0.6122     0.5368
		2560     0.3582    -0.7264     0.5865     0.4699
		2720     0.3996    -0.7587     0.5145     0.4017
		2880     0.4331    -0.7880     0.4376     0.3325
		3040     0.4669    -0.7872     0.4028     0.2784
		3200     0.4957    -0.7408     0.4533     0.2529
		3360     0.4784    -0.6665     0.5717     0.2532
		3520     0.4109    -0.5954     0.6904     0.2691
		3680     0.3517    -0.5376     0.7664     0.2921
		3840     0.3372    -0.4792     0.8104     0.3176
		4000     0.3281    -0.3937     0.8587     0.3434
		4160     0.2789    -0.2851     0.9170     0.3588
		4320     0.2467    -0.2266     0.9422     0.3480
		4480     0.4064    -0.2994     0.8632     0.3296
		4640     0.7044    -0.3602     0.6116     0.3966
		4800     0.8420    -0.3075     0.4432     0.5599
		4960     0.8741    -0.2659     0.4064     0.7143
		5120     0.8733    -0.2645     0.4092     0.7916
		5280     0.8667    -0.2658     0.4222     0.7961
		5440     0.8573    -0.2599     0.4444     0.7651
		5600     0.8445    -0.2489     0.4741     0.7258
		5760     0.8298    -0.2302     0.5084     0.6859
		5920     0.8133    -0.2041     0.5448     0.6456
		6080     0.7964    -0.1701     0.5803     0.6067
		6240     0.7793    -0.1307     0.6128     0.5715
		6400     0.7594    -0.0911     0.6442     0.5414
		6560     0.7320    -0.0514     0.6794     0.5172

#OBJECT 36
	*NodeName swat:RightToeBase
	*ANIMATION 0 42 0
		0    -0.2899     0.9571    -0.0015     0.0355
		160     0.0847     0.9964     0.0065     0.0300
		320     0.4680     0.8836     0.0120     0.0305
		480     0.7309     0.6824     0.0139     0.0340
		640     0.8434     0.5371     0.0134     0.0371
		800     0.8268     0.5623     0.0139     0.0397
		960     0.7201     0.6937     0.0144     0.0425
		1120     0.7608     0.6488     0.0136     0.0299
		1280     1.0000     0.0000     0.0000     0.0197
		1440     1.0000    -0.0000    -0.0000     0.0266
		1600     1.0000     0.0000     0.0000     0.0420
		1760     1.0000     0.0000    -0.0000     0.0620
		1920     1.0000    -0.0000    -0.0000     0.0802
		2080     1.0000    -0.0000     0.0000     0.0798
		2240     1.0000    -0.0000    -0.0000     0.0720
		2400     1.0000     0.0000     0.0000     0.0663
		2560     1.0000    -0.0000    -0.0000     0.0679
		2720     1.0000     0.0000    -0.0000     0.0734
		2880     1.0000    -0.0000     0.0000     0.0828
		3040     1.0000     0.0000     0.0000     0.0870
		3200     1.0000    -0.0000     0.0000     0.0855
		3360     1.0000     0.0000     0.0000     0.0908
		3520     1.0000     0.0000    -0.0000     0.1040
		3680     0.9724    -0.2329    -0.0155     0.1227
		3840     0.8858    -0.4633    -0.0254     0.1402
		4000     0.8467    -0.5313    -0.0275     0.1566
		4160     0.8751    -0.4828    -0.0336     0.2077
		4320     0.9135    -0.4046    -0.0435     0.3004
		4480     0.9422    -0.3315    -0.0477     0.3667
		4640     0.9494    -0.3112    -0.0426     0.3325
		4800     0.9152    -0.4018    -0.0327     0.2067
		4960     0.9057    -0.4238    -0.0097     0.0663
		5120     0.2176     0.9760     0.0035     0.0481
		5280     0.5478     0.8365     0.0117     0.0523
		5440     0.8082     0.5887     0.0160     0.0596
		5600     0.8096     0.5868     0.0163     0.0623
		5760     0.7332     0.6799     0.0153     0.0563
		5920     0.6345     0.7728     0.0136     0.0482
		6080     0.4999     0.8660     0.0114     0.0412
		6240     0.2883     0.9575     0.0080     0.0368
		6400     0.0447     0.9990     0.0037     0.0357
		6560    -0.1489     0.9889     0.0004     0.0357

#OBJECT 37
	*NodeName swat:RightFootToeBase_End
	*ANIMATION 0 0 0