#PSB_CHARACTER_TOOL_ANIMATION_DATA
#SCENE 0 31 30 160 38

#OBJECT 0
	*NodeName swat:Hips
	*ANIMATION 0 31 0
		0    -0.7887     0.4552     0.4132     1.6059
		160    -0.7899     0.4521     0.4144     1.6033
		320    -0.7915     0.4488     0.4148     1.5983
		480    -0.7965     0.4439     0.4105     1.5882
		640    -0.8051     0.4373     0.4008     1.5729
		800    -0.8128     0.4197     0.4039     1.5734
		960    -0.8122     0.4018     0.4229     1.5844
		1120    -0.8057     0.3933     0.4428     1.5919
		1280    -0.7970     0.3925     0.4590     1.6087
		1440    -0.7817     0.4115     0.4686     1.6176
		1600    -0.7695     0.4371     0.4657     1.6242
		1760    -0.7639     0.4535     0.4592     1.6382
		1920    -0.7613     0.4598     0.4572     1.6520
		2080    -0.7592     0.4661     0.4544     1.6586
		2240    -0.7586     0.4699     0.4514     1.6610
		2400    -0.7563     0.4746     0.4503     1.6599
		2560    -0.7516     0.4812     0.4511     1.6523
		2720    -0.7467     0.4901     0.4497     1.6402
		2880    -0.7388     0.5014     0.4504     1.6340
		3040    -0.7242     0.5143     0.4594     1.6429
		3200    -0.7109     0.5235     0.4697     1.6617
		3360    -0.7103     0.5246     0.4694     1.6849
		3520    -0.7187     0.5268     0.4538     1.6977
		3680    -0.7269     0.5312     0.4353     1.7029
		3840    -0.7430     0.5183     0.4235     1.6751
		4000    -0.7651     0.5037     0.4013     1.6219
		4160    -0.7768     0.4962     0.3877     1.5908
		4320    -0.7794     0.4865     0.3948     1.5836
		4480    -0.7787     0.4784     0.4059     1.5866
		4640    -0.7793     0.4705     0.4139     1.5957
		4800    -0.7818     0.4641     0.4165     1.6029

#OBJECT 1
	*NodeName swat:Spine
	*ANIMATION 0 31 0
		0    -0.9020    -0.0659    -0.4266     0.4158
		160    -0.9024    -0.0370    -0.4293     0.3971
		320    -0.9032     0.0026    -0.4292     0.3748
		480    -0.9030     0.0501    -0.4267     0.3514
		640    -0.9006     0.1013    -0.4227     0.3292
		800    -0.8954     0.1502    -0.4192     0.3103
		960    -0.8883     0.1874    -0.4193     0.2965
		1120    -0.8812     0.2025    -0.4271     0.2894
		1280    -0.8752     0.1890    -0.4452     0.2911
		1440    -0.8760     0.0615    -0.4783     0.3254
		1600    -0.8723    -0.0718    -0.4837     0.3622
		1760    -0.8534    -0.1407    -0.5020     0.3794
		1920    -0.8436    -0.1436    -0.5175     0.3796
		2080    -0.8384    -0.1329    -0.5286     0.3806
		2240    -0.8358    -0.1204    -0.5357     0.3794
		2400    -0.8291    -0.1051    -0.5492     0.3794
		2560    -0.8216    -0.0871    -0.5634     0.3794
		2720    -0.8197    -0.0749    -0.5679     0.3768
		2880    -0.8053    -0.0741    -0.5883     0.3765
		3040    -0.7831    -0.0681    -0.6181     0.3775
		3200    -0.7644    -0.0600    -0.6419     0.3835
		3360    -0.7528    -0.1086    -0.6492     0.3889
		3520    -0.7523    -0.1735    -0.6355     0.4005
		3680    -0.7603    -0.2380    -0.6044     0.4160
		3840    -0.8143    -0.2309    -0.5325     0.4300
		4000    -0.8698    -0.2311    -0.4359     0.4635
		4160    -0.8917    -0.2305    -0.3896     0.4891
		4320    -0.9002    -0.2027    -0.3853     0.4863
		4480    -0.9024    -0.1634    -0.3988     0.4759
		4640    -0.9006    -0.1264    -0.4158     0.4590
		4800    -0.9012    -0.0958    -0.4226     0.4404

#OBJECT 2
	*NodeName swat:Spine1
	*ANIMATION 0 31 0
		0    -0.2149     0.9757    -0.0430     0.1341
		160    -0.2351     0.9711    -0.0402     0.1329
		320    -0.2611     0.9646    -0.0367     0.1322
		480    -0.2726     0.9618    -0.0269     0.1333
		640    -0.2714     0.9625     0.0049     0.1319
		800    -0.2473     0.9684     0.0327     0.1325
		960    -0.2450     0.9687     0.0398     0.1349
		1120    -0.2460     0.9684     0.0417     0.1356
		1280    -0.2662     0.9638     0.0139     0.1318
		1440    -0.2039     0.9789    -0.0145     0.1395
		1600    -0.1834     0.9826    -0.0302     0.1469
		1760    -0.2078     0.9769    -0.0492     0.1469
		1920    -0.2314     0.9707    -0.0642     0.1413
		2080    -0.2397     0.9678    -0.0769     0.1384
		2240    -0.2477     0.9649    -0.0866     0.1371
		2400    -0.2653     0.9587    -0.1024     0.1370
		2560    -0.2838     0.9517    -0.1172     0.1391
		2720    -0.3084     0.9433    -0.1230     0.1400
		2880    -0.3337     0.9323    -0.1398     0.1421
		3040    -0.3534     0.9196    -0.1715     0.1420
		3200    -0.3478     0.9163    -0.1983     0.1438
		3360    -0.3128     0.9286    -0.1996     0.1467
		3520    -0.2792     0.9415    -0.1890     0.1475
		3680    -0.2559     0.9490    -0.1843     0.1417
		3840    -0.2245     0.9646    -0.1382     0.1351
		4000    -0.1839     0.9802    -0.0738     0.1318
		4160    -0.1713     0.9841    -0.0471     0.1284
		4320    -0.1780     0.9831    -0.0439     0.1278
		4480    -0.1843     0.9814    -0.0530     0.1295
		4640    -0.1917     0.9796    -0.0597     0.1303
		4800    -0.1997     0.9783    -0.0547     0.1322

#OBJECT 3
	*NodeName swat:Spine2
	*ANIMATION 0 31 0
		0    -0.9182     0.2127     0.3342     0.2084
		160    -0.9213     0.2021     0.3321     0.2103
		320    -0.9245     0.1920     0.3291     0.2131
		480    -0.9234     0.1924     0.3322     0.2152
		640    -0.9189     0.1828     0.3495     0.2155
		800    -0.9104     0.1871     0.3690     0.2140
		960    -0.9065     0.1962     0.3739     0.2151
		1120    -0.9053     0.1983     0.3756     0.2157
		1280    -0.9163     0.1818     0.3569     0.2153
		1440    -0.9058     0.2336     0.3534     0.2104
		1600    -0.8972     0.2721     0.3478     0.2108
		1760    -0.9048     0.2682     0.3307     0.2133
		1920    -0.9170     0.2410     0.3177     0.2131
		2080    -0.9233     0.2281     0.3091     0.2123
		2240    -0.9271     0.2216     0.3022     0.2124
		2400    -0.9321     0.2172     0.2899     0.2139
		2560    -0.9350     0.2212     0.2773     0.2167
		2720    -0.9382     0.2170     0.2697     0.2199
		2880    -0.9423     0.2174     0.2546     0.2236
		3040    -0.9495     0.2107     0.2323     0.2251
		3200    -0.9516     0.2190     0.2154     0.2247
		3360    -0.9456     0.2420     0.2175     0.2220
		3520    -0.9390     0.2566     0.2288     0.2187
		3680    -0.9405     0.2419     0.2386     0.2132
		3840    -0.9350     0.2230     0.2757     0.2075
		4000    -0.9222     0.2142     0.3220     0.2031
		4160    -0.9194     0.1990     0.3394     0.2010
		4320    -0.9200     0.1948     0.3399     0.2016
		4480    -0.9208     0.2017     0.3339     0.2027
		4640    -0.9220     0.2045     0.3288     0.2037
		4800    -0.9202     0.2099     0.3304     0.2055

#OBJECT 4
	*NodeName swat:Neck
	*ANIMATION 0 31 0
		0    -0.0559    -0.1141    -0.9919     0.1316
		160    -0.0216    -0.1152    -0.9931     0.1295
		320     0.0208    -0.1065    -0.9941     0.1295
		480     0.0462    -0.1780    -0.9830     0.1287
		640     0.0198    -0.2372    -0.9713     0.1292
		800    -0.0078    -0.2518    -0.9678     0.1296
		960    -0.0079    -0.2258    -0.9741     0.1288
		1120    -0.0125    -0.1853    -0.9826     0.1282
		1280     0.0325    -0.1015    -0.9943     0.1286
		1440     0.0245    -0.0450    -0.9987     0.1319
		1600    -0.0311    -0.0216    -0.9993     0.1377
		1760    -0.0649    -0.0241    -0.9976     0.1407
		1920    -0.0774    -0.0033    -0.9970     0.1417
		2080    -0.0683    -0.0079    -0.9976     0.1413
		2240    -0.0543     0.0006    -0.9985     0.1406
		2400    -0.0370     0.0133    -0.9992     0.1395
		2560    -0.0307     0.0168    -0.9994     0.1392
		2720    -0.0253     0.0559    -0.9981     0.1423
		2880    -0.0232     0.1001    -0.9947     0.1458
		3040    -0.0282     0.1587    -0.9869     0.1520
		3200    -0.0195     0.1689    -0.9854     0.1576
		3360    -0.0151     0.1552    -0.9878     0.1589
		3520    -0.0157     0.1075    -0.9941     0.1560
		3680    -0.0117     0.0789    -0.9968     0.1534
		3840     0.0003     0.0538    -0.9986     0.1494
		4000    -0.0205     0.0114    -0.9997     0.1431
		4160    -0.0851    -0.0060    -0.9964     0.1401
		4320    -0.1401     0.0166    -0.9900     0.1420
		4480    -0.1512     0.0176    -0.9883     0.1418
		4640    -0.1316     0.0132    -0.9912     0.1393
		4800    -0.0950    -0.0213    -0.9952     0.1359

#OBJECT 5
	*NodeName swat:Neck1
	*ANIMATION 0 31 0
		0    -0.0589    -0.0480    -0.9971     0.1316
		160    -0.0269    -0.0469    -0.9985     0.1295
		320     0.0146    -0.0368    -0.9992     0.1295
		480     0.0408    -0.1097    -0.9931     0.1281
		640     0.0196    -0.1724    -0.9848     0.1281
		800    -0.0042    -0.1857    -0.9826     0.1284
		960    -0.0047    -0.1577    -0.9875     0.1278
		1120    -0.0108    -0.1189    -0.9928     0.1275
		1280     0.0288    -0.0335    -0.9990     0.1286
		1440     0.0221     0.0162    -0.9996     0.1323
		1600    -0.0303     0.0330    -0.9990     0.1384
		1760    -0.0620     0.0296    -0.9976     0.1414
		1920    -0.0747     0.0518    -0.9959     0.1426
		2080    -0.0668     0.0478    -0.9966     0.1422
		2240    -0.0554     0.0566    -0.9969     0.1415
		2400    -0.0410     0.0693    -0.9967     0.1405
		2560    -0.0373     0.0724    -0.9967     0.1403
		2720    -0.0334     0.1102    -0.9933     0.1436
		2880    -0.0323     0.1537    -0.9876     0.1475
		3040    -0.0386     0.2129    -0.9763     0.1543
		3200    -0.0288     0.2257    -0.9738     0.1600
		3360    -0.0235     0.2134    -0.9767     0.1612
		3520    -0.0196     0.1654    -0.9860     0.1579
		3680    -0.0142     0.1352    -0.9907     0.1550
		3840    -0.0023     0.1120    -0.9937     0.1508
		4000    -0.0220     0.0718    -0.9972     0.1441
		4160    -0.0852     0.0556    -0.9948     0.1411
		4320    -0.1391     0.0776    -0.9872     0.1432
		4480    -0.1505     0.0792    -0.9854     0.1430
		4640    -0.1321     0.0760    -0.9883     0.1405
		4800    -0.0970     0.0434    -0.9943     0.1367

#OBJECT 6
	*NodeName swat:Head
	*ANIMATION 0 31 0
		0     0.3057    -0.5195    -0.7979     0.3229
		160     0.3198    -0.5108    -0.7980     0.3222
		320     0.3279    -0.5265    -0.7844     0.3236
		480     0.3220    -0.5277    -0.7860     0.3199
		640     0.3099    -0.5498    -0.7757     0.3212
		800     0.3087    -0.5529    -0.7739     0.3207
		960     0.3131    -0.5412    -0.7805     0.3162
		1120     0.3131    -0.5324    -0.7865     0.3172
		1280     0.3249    -0.5253    -0.7864     0.3176
		1440     0.3155    -0.5372    -0.7822     0.3213
		1600     0.3078    -0.5360    -0.7861     0.3332
		1760     0.2906    -0.5471    -0.7850     0.3363
		1920     0.3024    -0.5577    -0.7730     0.3399
		2080     0.3130    -0.5597    -0.7673     0.3445
		2240     0.3307    -0.5565    -0.7622     0.3489
		2400     0.3416    -0.5535    -0.7596     0.3498
		2560     0.3333    -0.5508    -0.7652     0.3485
		2720     0.3130    -0.5659    -0.7628     0.3516
		2880     0.2942    -0.5835    -0.7569     0.3514
		3040     0.2806    -0.5900    -0.7570     0.3536
		3200     0.2535    -0.5924    -0.7647     0.3574
		3360     0.2331    -0.5808    -0.7800     0.3558
		3520     0.2422    -0.5725    -0.7833     0.3494
		3680     0.2515    -0.5641    -0.7865     0.3449
		3840     0.2579    -0.5664    -0.7827     0.3472
		4000     0.2652    -0.5719    -0.7762     0.3398
		4160     0.2728    -0.5717    -0.7738     0.3299
		4320     0.2691    -0.5740    -0.7734     0.3282
		4480     0.2782    -0.5749    -0.7695     0.3295
		4640     0.2959    -0.5718    -0.7652     0.3291
		4800     0.3113    -0.5532    -0.7727     0.3291

#OBJECT 7
	*NodeName swat:HeadTop_End
	*ANIMATION 0 0 0

#OBJECT 8
	*NodeName swat:LeftShoulder
	*ANIMATION 0 31 0
		0     0.9906    -0.0819     0.1095     0.6626
		160     0.9903    -0.0809     0.1126     0.6629
		320     0.9895    -0.0822     0.1187     0.6636
		480     0.9880    -0.0941     0.1228     0.6653
		640     0.9873    -0.0984     0.1247     0.6662
		800     0.9879    -0.0924     0.1249     0.6657
		960     0.9887    -0.0866     0.1225     0.6646
		1120     0.9892    -0.0866     0.1185     0.6638
		1280     0.9889    -0.0841     0.1224     0.6636
		1440     0.9890    -0.0842     0.1220     0.6638
		1600     0.9895    -0.0870     0.1154     0.6635
		1760     0.9902    -0.0846     0.1109     0.6626
		1920     0.9910    -0.0875     0.1017     0.6617
		2080     0.9909    -0.0924     0.0976     0.6618
		2240     0.9906    -0.0943     0.0996     0.6622
		2400     0.9899    -0.0923     0.1076     0.6627
		2560     0.9891    -0.0957     0.1121     0.6635
		2720     0.9889    -0.1034     0.1071     0.6638
		2880     0.9890    -0.1063     0.1029     0.6637
		3040     0.9900    -0.1076     0.0910     0.6628
		3200     0.9907    -0.1139     0.0749     0.6625
		3360     0.9911    -0.1145     0.0677     0.6622
		3520     0.9915    -0.1066     0.0752     0.6621
		3680     0.9910    -0.1076     0.0792     0.6628
		3840     0.9903    -0.1160     0.0762     0.6638
		4000     0.9905    -0.1069     0.0870     0.6639
		4160     0.9910    -0.0921     0.0969     0.6632
		4320     0.9916    -0.0858     0.0967     0.6625
		4480     0.9918    -0.0830     0.0970     0.6623
		4640     0.9919    -0.0792     0.0990     0.6619
		4800     0.9916    -0.0815     0.1003     0.6620

#OBJECT 9
	*NodeName swat:LeftArm
	*ANIMATION 0 31 0
		0     0.5274     0.7847     0.3257     1.2216
		160     0.5273     0.7829     0.3300     1.2186
		320     0.5252     0.7835     0.3322     1.2162
		480     0.5190     0.7871     0.3333     1.2069
		640     0.5150     0.7900     0.3327     1.2037
		800     0.5154     0.7915     0.3285     1.2084
		960     0.5186     0.7939     0.3174     1.2188
		1120     0.5216     0.7977     0.3026     1.2229
		1280     0.5280     0.8001     0.2846     1.2170
		1440     0.5320     0.8027     0.2694     1.2083
		1600     0.5339     0.8052     0.2581     1.2061
		1760     0.5357     0.8051     0.2547     1.1988
		1920     0.5339     0.8053     0.2579     1.1935
		2080     0.5318     0.8047     0.2639     1.1846
		2240     0.5325     0.8027     0.2685     1.1825
		2400     0.5351     0.8005     0.2698     1.1835
		2560     0.5331     0.8017     0.2704     1.1801
		2720     0.5252     0.8066     0.2713     1.1774
		2880     0.5167     0.8119     0.2718     1.1677
		3040     0.5081     0.8175     0.2713     1.1690
		3200     0.4992     0.8232     0.2705     1.1738
		3360     0.4964     0.8250     0.2700     1.1746
		3520     0.5024     0.8218     0.2689     1.1720
		3680     0.5075     0.8183     0.2700     1.1788
		3840     0.5084     0.8151     0.2778     1.1896
		4000     0.5153     0.8070     0.2883     1.1947
		4160     0.5219     0.7985     0.2999     1.2053
		4320     0.5219     0.7936     0.3127     1.2155
		4480     0.5205     0.7907     0.3225     1.2190
		4640     0.5214     0.7881     0.3272     1.2243
		4800     0.5224     0.7866     0.3292     1.2273

#OBJECT 10
	*NodeName swat:LeftForeArm
	*ANIMATION 0 31 0
		0    -0.0000     0.0000     1.0000     1.2497
		160    -0.0000    -0.0000     1.0000     1.2417
		320     0.0000     0.0000     1.0000     1.2325
		480     0.0000     0.0000     1.0000     1.2257
		640     0.0000    -0.0000     1.0000     1.2213
		800     0.0000     0.0000     1.0000     1.2219
		960    -0.0000    -0.0000     1.0000     1.2293
		1120    -0.0000    -0.0000     1.0000     1.2441
		1280     0.0000    -0.0000     1.0000     1.2672
		1440    -0.0000     0.0000     1.0000     1.2896
		1600     0.0000     0.0000     1.0000     1.3066
		1760    -0.0000    -0.0000     1.0000     1.3178
		1920     0.0000     0.0000     1.0000     1.3192
		2080    -0.0000     0.0000     1.0000     1.3142
		2240    -0.0000    -0.0000     1.0000     1.3044
		2400    -0.0000    -0.0000     1.0000     1.2932
		2560     0.0000     0.0000     1.0000     1.2817
		2720     0.0000     0.0000     1.0000     1.2706
		2880     0.0000     0.0000     1.0000     1.2658
		3040     0.0000    -0.0000     1.0000     1.2641
		3200     0.0000     0.0000     1.0000     1.2666
		3360    -0.0000    -0.0000     1.0000     1.2758
		3520     0.0000    -0.0000     1.0000     1.2906
		3680    -0.0000     0.0000     1.0000     1.3003
		3840     0.0000    -0.0000     1.0000     1.3011
		4000    -0.0000    -0.0000     1.0000     1.2994
		4160     0.0000     0.0000     1.0000     1.2914
		4320     0.0000     0.0000     1.0000     1.2774
		4480     0.0000     0.0000     1.0000     1.2648
		4640     0.0000     0.0000     1.0000     1.2554
		4800     0.0000     0.0000     1.0000     1.2495

#OBJECT 11
	*NodeName swat:LeftHand
	*ANIMATION 0 31 0
		0     0.9112    -0.1600    -0.3797     1.9572
		160     0.9126    -0.1531    -0.3792     1.9619
		320     0.9134    -0.1469    -0.3796     1.9670
		480     0.9159    -0.1421    -0.3755     1.9824
		640     0.9165    -0.1396    -0.3750     1.9907
		800     0.9144    -0.1403    -0.3797     1.9886
		960     0.9108    -0.1442    -0.3868     1.9810
		1120     0.9080    -0.1509    -0.3908     1.9801
		1280     0.9053    -0.1601    -0.3934     1.9840
		1440     0.9038    -0.1697    -0.3928     1.9908
		1600     0.9029    -0.1779    -0.3913     1.9931
		1760     0.9028    -0.1841    -0.3888     1.9973
		1920     0.9042    -0.1861    -0.3845     2.0027
		2080     0.9065    -0.1841    -0.3799     2.0111
		2240     0.9076    -0.1788    -0.3798     2.0115
		2400     0.9075    -0.1718    -0.3833     2.0065
		2560     0.9086    -0.1641    -0.3842     2.0071
		2720     0.9106    -0.1571    -0.3822     2.0100
		2880     0.9128    -0.1531    -0.3786     2.0166
		3040     0.9138    -0.1523    -0.3765     2.0147
		3200     0.9149    -0.1547    -0.3729     2.0132
		3360     0.9150    -0.1606    -0.3702     2.0126
		3520     0.9132    -0.1690    -0.3707     2.0099
		3680     0.9117    -0.1766    -0.3711     2.0035
		3840     0.9115    -0.1815    -0.3692     1.9981
		4000     0.9095    -0.1850    -0.3722     1.9879
		4160     0.9070    -0.1856    -0.3781     1.9704
		4320     0.9065    -0.1826    -0.3806     1.9584
		4480     0.9074    -0.1779    -0.3809     1.9537
		4640     0.9076    -0.1724    -0.3827     1.9477
		4800     0.9089    -0.1666    -0.3823     1.9483

#OBJECT 12
	*NodeName swat:LeftInHandThumb
	*ANIMATION 0 31 0
		0    -0.7185     0.2428    -0.6518     0.1793
		160    -0.7551     0.1717    -0.6327     0.1882
		320    -0.7693     0.1208    -0.6273     0.1952
		480    -0.7425     0.0804    -0.6650     0.2040
		640    -0.7088     0.0562    -0.7032     0.2055
		800    -0.6884     0.0456    -0.7239     0.1979
		960    -0.6818     0.0367    -0.7306     0.1975
		1120    -0.6483     0.0315    -0.7607     0.1963
		1280    -0.6248     0.0291    -0.7802     0.2004
		1440    -0.6541     0.0413    -0.7553     0.1959
		1600    -0.6532     0.0572    -0.7550     0.1936
		1760    -0.6039     0.0759    -0.7935     0.1919
		1920    -0.6039     0.1008    -0.7906     0.1911
		2080    -0.6669     0.1333    -0.7332     0.1896
		2240    -0.7094     0.1538    -0.6879     0.1994
		2400    -0.7070     0.1723    -0.6859     0.2087
		2560    -0.6873     0.1987    -0.6987     0.2104
		2720    -0.6760     0.2248    -0.7018     0.2120
		2880    -0.6675     0.2498    -0.7014     0.2134
		3040    -0.6616     0.2727    -0.6985     0.2147
		3200    -0.6576     0.2930    -0.6940     0.2158
		3360    -0.6553     0.3100    -0.6888     0.2165
		3520    -0.6543     0.3231    -0.6837     0.2169
		3680    -0.6543     0.3316    -0.6796     0.2168
		3840    -0.6550     0.3349    -0.6774     0.2161
		4000    -0.6556     0.3345    -0.6770     0.2149
		4160    -0.6443     0.3389    -0.6856     0.2091
		4320    -0.6087     0.3236    -0.7244     0.2096
		4480    -0.5854     0.2976    -0.7542     0.2126
		4640    -0.6115     0.2911    -0.7357     0.2019
		4800    -0.6685     0.2835    -0.6875     0.1866

#OBJECT 13
	*NodeName swat:LeftHandThumb1
	*ANIMATION 0 31 0
		0    -0.8279    -0.4974     0.2591     0.3672
		160    -0.8290    -0.4957     0.2588     0.3681
		320    -0.8245    -0.5025     0.2601     0.3659
		480    -0.7910    -0.5495     0.2688     0.3515
		640    -0.7715    -0.5748     0.2728     0.3453
		800    -0.7688    -0.5781     0.2733     0.3446
		960    -0.7736    -0.5722     0.2725     0.3458
		1120    -0.7665    -0.5810     0.2738     0.3435
		1280    -0.7497    -0.6012     0.2766     0.3400
		1440    -0.7634    -0.5848     0.2743     0.3443
		1600    -0.7797    -0.5644     0.2712     0.3482
		1760    -0.7723    -0.5738     0.2727     0.3446
		1920    -0.7899    -0.5511     0.2692     0.3485
		2080    -0.8279    -0.4973     0.2593     0.3643
		2240    -0.8511    -0.4610     0.2514     0.3777
		2400    -0.8484    -0.4653     0.2524     0.3761
		2560    -0.8362    -0.4846     0.2566     0.3695
		2720    -0.8291    -0.4955     0.2588     0.3662
		2880    -0.8242    -0.5029     0.2603     0.3642
		3040    -0.8211    -0.5075     0.2612     0.3631
		3200    -0.8192    -0.5104     0.2617     0.3625
		3360    -0.8177    -0.5125     0.2621     0.3623
		3520    -0.8162    -0.5147     0.2625     0.3621
		3680    -0.8137    -0.5182     0.2632     0.3616
		3840    -0.8098    -0.5239     0.2642     0.3605
		4000    -0.8034    -0.5328     0.2658     0.3588
		4160    -0.7913    -0.5493     0.2687     0.3548
		4320    -0.7736    -0.5722     0.2724     0.3460
		4480    -0.8057    -0.5286     0.2671     0.3247
		4640    -0.7965    -0.5418     0.2683     0.3365
		4800    -0.8004    -0.5370     0.2666     0.3559

#OBJECT 14
	*NodeName swat:LeftHandThumb2_End
	*ANIMATION 0 0 0

#OBJECT 15
	*NodeName swat:LeftHandIndex1
	*ANIMATION 0 31 0
		0     0.0447     0.9898     0.1354     0.6431
		160     0.0447     0.9896     0.1365     0.6384
		320     0.0446     0.9895     0.1376     0.6338
		480     0.0446     0.9891     0.1404     0.6218
		640     0.0446     0.9894     0.1382     0.6313
		800     0.0447     0.9902     0.1321     0.6582
		960     0.0447     0.9903     0.1316     0.6608
		1120     0.0447     0.9901     0.1329     0.6544
		1280     0.0447     0.9901     0.1328     0.6550
		1440     0.0447     0.9897     0.1361     0.6404
		1600     0.0446     0.9892     0.1399     0.6238
		1760     0.0446     0.9888     0.1423     0.6140
		1920     0.0446     0.9885     0.1446     0.6047
		2080     0.0446     0.9885     0.1447     0.6045
		2240     0.0446     0.9885     0.1448     0.6043
		2400     0.0446     0.9883     0.1458     0.6001
		2560     0.0446     0.9884     0.1454     0.6017
		2720     0.0446     0.9883     0.1456     0.6009
		2880     0.0446     0.9888     0.1425     0.6134
		3040     0.0446     0.9893     0.1392     0.6268
		3200     0.0447     0.9896     0.1365     0.6385
		3360     0.0447     0.9899     0.1344     0.6477
		3520     0.0447     0.9901     0.1327     0.6555
		3680     0.0447     0.9899     0.1343     0.6484
		3840     0.0447     0.9900     0.1340     0.6494
		4000     0.0447     0.9904     0.1306     0.6652
		4160     0.0447     0.9910     0.1258     0.6887
		4320     0.0447     0.9912     0.1247     0.6944
		4480     0.0447     0.9908     0.1275     0.6803
		4640     0.0447     0.9902     0.1321     0.6582
		4800     0.0447     0.9898     0.1350     0.6451

#OBJECT 16
	*NodeName swat:LeftHandIndex2
	*ANIMATION 0 31 0
		0    -0.0000     1.0000    -0.0000     1.0529
		160     0.0000     1.0000     0.0000     1.0555
		320     0.0000     1.0000    -0.0000     1.0585
		480     0.0000     1.0000     0.0000     1.0738
		640     0.0000     1.0000     0.0000     1.0844
		800     0.0000     1.0000     0.0000     1.0847
		960     0.0000     1.0000     0.0000     1.0842
		1120     0.0000     1.0000    -0.0000     1.0858
		1280    -0.0000     1.0000     0.0000     1.0901
		1440    -0.0000     1.0000     0.0000     1.0828
		1600     0.0000     1.0000    -0.0000     1.0786
		1760     0.0000     1.0000     0.0000     1.0775
		1920    -0.0000     1.0000     0.0000     1.0744
		2080     0.0000     1.0000    -0.0000     1.0670
		2240     0.0000     1.0000    -0.0000     1.0662
		2400     0.0000     1.0000     0.0000     1.0708
		2560     0.0000     1.0000    -0.0000     1.0746
		2720    -0.0000     1.0000     0.0000     1.0733
		2880    -0.0000     1.0000    -0.0000     1.0759
		3040     0.0000     1.0000    -0.0000     1.0712
		3200     0.0000     1.0000     0.0000     1.0689
		3360     0.0000     1.0000    -0.0000     1.0689
		3520     0.0000     1.0000    -0.0000     1.0694
		3680     0.0000     1.0000     0.0000     1.0714
		3840     0.0000     1.0000    -0.0000     1.0673
		4000     0.0000     1.0000     0.0000     1.0700
		4160     0.0000     1.0000     0.0000     1.0674
		4320     0.0000     1.0000     0.0000     1.0693
		4480     0.0000     1.0000     0.0000     1.0724
		4640     0.0000     1.0000    -0.0000     1.0669
		4800     0.0000     1.0000     0.0000     1.0573

#OBJECT 17
	*NodeName swat:LeftHandIndex3_End
	*ANIMATION 0 0 0

#OBJECT 18
	*NodeName swat:RightShoulder
	*ANIMATION 0 31 0
		0     0.9488     0.1509     0.2774     0.7403
		160     0.9475     0.1579     0.2779     0.7425
		320     0.9457     0.1644     0.2803     0.7445
		480     0.9438     0.1703     0.2835     0.7464
		640     0.9419     0.1753     0.2865     0.7482
		800     0.9405     0.1790     0.2888     0.7496
		960     0.9399     0.1810     0.2896     0.7502
		1120     0.9401     0.1809     0.2889     0.7501
		1280     0.9412     0.1786     0.2869     0.7491
		1440     0.9428     0.1741     0.2842     0.7474
		1600     0.9449     0.1680     0.2811     0.7452
		1760     0.9471     0.1607     0.2778     0.7428
		1920     0.9494     0.1532     0.2742     0.7403
		2080     0.9516     0.1463     0.2703     0.7381
		2240     0.9536     0.1406     0.2662     0.7363
		2400     0.9553     0.1364     0.2622     0.7349
		2560     0.9566     0.1340     0.2589     0.7340
		2720     0.9572     0.1335     0.2569     0.7337
		2880     0.9571     0.1348     0.2565     0.7339
		3040     0.9564     0.1375     0.2575     0.7346
		3200     0.9554     0.1407     0.2595     0.7355
		3360     0.9543     0.1440     0.2620     0.7365
		3520     0.9531     0.1465     0.2650     0.7375
		3680     0.9519     0.1480     0.2685     0.7382
		3840     0.9507     0.1481     0.2725     0.7388
		4000     0.9496     0.1472     0.2768     0.7390
		4160     0.9487     0.1456     0.2807     0.7391
		4320     0.9481     0.1442     0.2835     0.7392
		4480     0.9478     0.1436     0.2846     0.7392
		4640     0.9479     0.1442     0.2841     0.7393
		4800     0.9481     0.1461     0.2823     0.7396

#OBJECT 19
	*NodeName swat:RightArm
	*ANIMATION 0 31 0
		0    -0.1477    -0.7660    -0.6256     1.8860
		160    -0.1489    -0.7667    -0.6245     1.8937
		320    -0.1505    -0.7676    -0.6230     1.9006
		480    -0.1515    -0.7687    -0.6214     1.9071
		640    -0.1516    -0.7696    -0.6202     1.9128
		800    -0.1507    -0.7698    -0.6203     1.9172
		960    -0.1487    -0.7690    -0.6217     1.9199
		1120    -0.1457    -0.7675    -0.6243     1.9208
		1280    -0.1424    -0.7657    -0.6272     1.9199
		1440    -0.1391    -0.7643    -0.6297     1.9175
		1600    -0.1364    -0.7634    -0.6313     1.9140
		1760    -0.1346    -0.7631    -0.6321     1.9105
		1920    -0.1340    -0.7630    -0.6324     1.9074
		2080    -0.1344    -0.7626    -0.6327     1.9056
		2240    -0.1360    -0.7618    -0.6333     1.9051
		2400    -0.1389    -0.7607    -0.6341     1.9059
		2560    -0.1431    -0.7593    -0.6348     1.9077
		2720    -0.1482    -0.7582    -0.6350     1.9100
		2880    -0.1533    -0.7574    -0.6346     1.9120
		3040    -0.1574    -0.7572    -0.6339     1.9127
		3200    -0.1593    -0.7575    -0.6330     1.9116
		3360    -0.1586    -0.7584    -0.6321     1.9084
		3520    -0.1554    -0.7600    -0.6311     1.9036
		3680    -0.1509    -0.7622    -0.6295     1.8982
		3840    -0.1465    -0.7649    -0.6272     1.8932
		4000    -0.1433    -0.7679    -0.6244     1.8892
		4160    -0.1422    -0.7704    -0.6215     1.8866
		4320    -0.1429    -0.7720    -0.6193     1.8853
		4480    -0.1448    -0.7724    -0.6184     1.8851
		4640    -0.1468    -0.7716    -0.6190     1.8854
		4800    -0.1480    -0.7699    -0.6208     1.8860

#OBJECT 20
	*NodeName swat:RightForeArm
	*ANIMATION 0 31 0
		0     0.0000    -0.0000    -1.0000     1.6891
		160     0.0000    -0.0000    -1.0000     1.6910
		320    -0.0000     0.0000    -1.0000     1.6942
		480     0.0000    -0.0000    -1.0000     1.6975
		640     0.0000    -0.0000    -1.0000     1.7004
		800    -0.0000     0.0000    -1.0000     1.7023
		960     0.0000    -0.0000    -1.0000     1.7027
		1120    -0.0000     0.0000    -1.0000     1.7013
		1280    -0.0000     0.0000    -1.0000     1.6982
		1440     0.0000    -0.0000    -1.0000     1.6938
		1600     0.0000    -0.0000    -1.0000     1.6890
		1760    -0.0000    -0.0000    -1.0000     1.6844
		1920    -0.0000     0.0000    -1.0000     1.6807
		2080     0.0000    -0.0000    -1.0000     1.6783
		2240     0.0000    -0.0000    -1.0000     1.6771
		2400    -0.0000     0.0000    -1.0000     1.6763
		2560     0.0000    -0.0000    -1.0000     1.6755
		2720     0.0000    -0.0000    -1.0000     1.6741
		2880    -0.0000     0.0000    -1.0000     1.6724
		3040     0.0000    -0.0000    -1.0000     1.6707
		3200     0.0000    -0.0000    -1.0000     1.6697
		3360     0.0000    -0.0000    -1.0000     1.6701
		3520     0.0000    -0.0000    -1.0000     1.6718
		3680     0.0000    -0.0000    -1.0000     1.6744
		3840     0.0000    -0.0000    -1.0000     1.6773
		4000     0.0000    -0.0000    -1.0000     1.6798
		4160     0.0000    -0.0000    -1.0000     1.6815
		4320    -0.0000     0.0000    -1.0000     1.6826
		4480    -0.0000     0.0000    -1.0000     1.6834
		4640    -0.0000     0.0000    -1.0000     1.6849
		4800    -0.0000     0.0000    -1.0000     1.6875

#OBJECT 21
	*NodeName swat:RightHand
	*ANIMATION 0 31 0
		0     0.7546     0.1117     0.6466     0.8390
		160     0.7467     0.1314     0.6520     0.8367
		320     0.7370     0.1502     0.6590     0.8414
		480     0.7271     0.1636     0.6667     0.8477
		640     0.7184     0.1702     0.6745     0.8560
		800     0.7120     0.1688     0.6816     0.8660
		960     0.7088     0.1589     0.6873     0.8764
		1120     0.7090     0.1410     0.6910     0.8852
		1280     0.7121     0.1167     0.6923     0.8910
		1440     0.7169     0.0890     0.6914     0.8932
		1600     0.7221     0.0621     0.6890     0.8922
		1760     0.7264     0.0407     0.6861     0.8892
		1920     0.7287     0.0293     0.6842     0.8857
		2080     0.7287     0.0305     0.6841     0.8828
		2240     0.7266     0.0436     0.6857     0.8813
		2400     0.7233     0.0644     0.6875     0.8822
		2560     0.7202     0.0867     0.6883     0.8849
		2720     0.7189     0.1051     0.6871     0.8877
		2880     0.7205     0.1154     0.6838     0.8892
		3040     0.7250     0.1160     0.6789     0.8884
		3200     0.7318     0.1072     0.6730     0.8853
		3360     0.7394     0.0916     0.6670     0.8807
		3520     0.7466     0.0728     0.6613     0.8751
		3680     0.7526     0.0548     0.6562     0.8689
		3840     0.7573     0.0412     0.6518     0.8624
		4000     0.7608     0.0342     0.6481     0.8560
		4160     0.7634     0.0347     0.6450     0.8505
		4320     0.7651     0.0422     0.6425     0.8462
		4480     0.7655     0.0554     0.6410     0.8432
		4640     0.7641     0.0724     0.6410     0.8413
		4800     0.7604     0.0910     0.6431     0.8398

#OBJECT 22
	*NodeName swat:RightInHandThumb
	*ANIMATION 0 31 0
		0    -0.6170    -0.6065     0.5015     0.4418
		160    -0.6199    -0.6111     0.4921     0.4374
		320    -0.6253    -0.6196     0.4744     0.4296
		480    -0.6282    -0.6243     0.4643     0.4253
		640    -0.6310    -0.6288     0.4543     0.4213
		800    -0.6318    -0.6301     0.4515     0.4202
		960    -0.6315    -0.6296     0.4526     0.4206
		1120    -0.6365    -0.6379     0.4334     0.4133
		1280    -0.6386    -0.6414     0.4252     0.4103
		1440    -0.6355    -0.6363     0.4373     0.4147
		1600    -0.6327    -0.6316     0.4481     0.4188
		1760    -0.6296    -0.6265     0.4594     0.4233
		1920    -0.6284    -0.6244     0.4640     0.4252
		2080    -0.6269    -0.6221     0.4690     0.4273
		2240    -0.6262    -0.6209     0.4716     0.4283
		2400    -0.6281    -0.6239     0.4651     0.4256
		2560    -0.6310    -0.6286     0.4546     0.4214
		2720    -0.6317    -0.6298     0.4521     0.4203
		2880    -0.6312    -0.6289     0.4539     0.4211
		3040    -0.6277    -0.6232     0.4665     0.4262
		3200    -0.6206    -0.6119     0.4903     0.4365
		3360    -0.6162    -0.6050     0.5042     0.4430
		3520    -0.6166    -0.6056     0.5030     0.4425
		3680    -0.6221    -0.6142     0.4855     0.4343
		3840    -0.6251    -0.6190     0.4755     0.4300
		4000    -0.6206    -0.6118     0.4904     0.4366
		4160    -0.6155    -0.6038     0.5066     0.4441
		4320    -0.6143    -0.6020     0.5102     0.4459
		4480    -0.6153    -0.6035     0.5072     0.4445
		4640    -0.6162    -0.6049     0.5043     0.4431
		4800    -0.6166    -0.6056     0.5031     0.4425

#OBJECT 23
	*NodeName swat:RightHandThumb1
	*ANIMATION 0 31 0
		0    -0.6367     0.7379     0.2238     0.4448
		160    -0.6530     0.7176     0.2421     0.4363
		320    -0.6694     0.6910     0.2728     0.4209
		480    -0.6733     0.6806     0.2890     0.4125
		640    -0.6708     0.6761     0.3050     0.4041
		800    -0.6648     0.6814     0.3062     0.4026
		960    -0.6598     0.6898     0.2980     0.4059
		1120    -0.6731     0.6610     0.3317     0.3916
		1280    -0.6757     0.6488     0.3500     0.3841
		1440    -0.6682     0.6676     0.3284     0.3930
		1600    -0.6587     0.6862     0.3086     0.4007
		1760    -0.6495     0.7031     0.2896     0.4083
		1920    -0.6471     0.7085     0.2816     0.4119
		2080    -0.6433     0.7171     0.2682     0.4185
		2240    -0.6447     0.7181     0.2620     0.4219
		2400    -0.6471     0.7130     0.2698     0.4173
		2560    -0.6624     0.6901     0.2915     0.4080
		2720    -0.6718     0.6772     0.3003     0.4049
		2880    -0.6816     0.6637     0.3082     0.4022
		3040    -0.6775     0.6726     0.2979     0.4065
		3200    -0.6647     0.7000     0.2612     0.4250
		3360    -0.6609     0.7107     0.2411     0.4381
		3520    -0.6708     0.6984     0.2494     0.4351
		3680    -0.6955     0.6597     0.2847     0.4189
		3840    -0.7026     0.6435     0.3038     0.4102
		4000    -0.6811     0.6797     0.2722     0.4236
		4160    -0.6554     0.7179     0.2345     0.4422
		4320    -0.6449     0.7309     0.2233     0.4474
		4480    -0.6403     0.7350     0.2229     0.4465
		4640    -0.6376     0.7373     0.2233     0.4458
		4800    -0.6356     0.7391     0.2231     0.4452

#OBJECT 24
	*NodeName swat:RightHandThumb2_End
	*ANIMATION 0 0 0

#OBJECT 25
	*NodeName swat:RightHandIndex1
	*ANIMATION 0 31 0
		0     0.0409    -0.9253    -0.3771     0.2336
		160     0.0414    -0.9248    -0.3783     0.2355
		320     0.0416    -0.9295    -0.3664     0.2432
		480     0.0411    -0.9354    -0.3512     0.2489
		640     0.0409    -0.9381    -0.3441     0.2521
		800     0.0408    -0.9404    -0.3377     0.2557
		960     0.0410    -0.9409    -0.3361     0.2577
		1120     0.0405    -0.9454    -0.3233     0.2636
		1280     0.0403    -0.9456    -0.3227     0.2627
		1440     0.0408    -0.9419    -0.3334     0.2587
		1600     0.0413    -0.9374    -0.3458     0.2534
		1760     0.0412    -0.9349    -0.3525     0.2488
		1920     0.0414    -0.9333    -0.3568     0.2476
		2080     0.0420    -0.9307    -0.3634     0.2472
		2240     0.0427    -0.9287    -0.3684     0.2486
		2400     0.0428    -0.9299    -0.3653     0.2507
		2560     0.0424    -0.9342    -0.3543     0.2547
		2720     0.0416    -0.9372    -0.3464     0.2552
		2880     0.0408    -0.9382    -0.3437     0.2518
		3040     0.0401    -0.9349    -0.3525     0.2420
		3200     0.0398    -0.9282    -0.3699     0.2307
		3360     0.0397    -0.9248    -0.3783     0.2257
		3520     0.0397    -0.9250    -0.3779     0.2260
		3680     0.0399    -0.9315    -0.3616     0.2361
		3840     0.0398    -0.9353    -0.3516     0.2407
		4000     0.0396    -0.9332    -0.3572     0.2366
		4160     0.0390    -0.9336    -0.3561     0.2338
		4320     0.0388    -0.9334    -0.3569     0.2321
		4480     0.0390    -0.9333    -0.3569     0.2332
		4640     0.0398    -0.9304    -0.3643     0.2339
		4800     0.0405    -0.9267    -0.3737     0.2329

#OBJECT 26
	*NodeName swat:RightHandIndex2
	*ANIMATION 0 0 0

#OBJECT 27
	*NodeName swat:RightHandIndex3_End
	*ANIMATION 0 0 0

#OBJECT 28
	*NodeName swat:LeftUpLeg
	*ANIMATION 0 31 0
		0     0.8795    -0.1794    -0.4408     0.3559
		160     0.8093    -0.3400    -0.4790     0.3193
		320     0.6367    -0.5349    -0.5554     0.2931
		480     0.3585    -0.7250    -0.5880     0.2850
		640     0.0581    -0.8503    -0.5232     0.3010
		800    -0.1200    -0.8311    -0.5430     0.2959
		960    -0.1489    -0.6911    -0.7073     0.2894
		1120    -0.0556    -0.5023    -0.8629     0.2892
		1280     0.1089    -0.3208    -0.9409     0.2906
		1440     0.2478    -0.1437    -0.9581     0.2733
		1600     0.3128    -0.0544    -0.9483     0.2790
		1760     0.3691    -0.0317    -0.9288     0.3010
		1920     0.4438     0.0215    -0.8959     0.3056
		2080     0.5439     0.0769    -0.8356     0.2909
		2240     0.6228     0.0945    -0.7767     0.3113
		2400     0.7083     0.1184    -0.6959     0.3302
		2560     0.7733     0.1469    -0.6168     0.3524
		2720     0.8299     0.1611    -0.5342     0.3780
		2880     0.8657     0.1718    -0.4701     0.4070
		3040     0.8799     0.1839    -0.4381     0.4360
		3200     0.8815     0.1930    -0.4310     0.4595
		3360     0.8904     0.2010    -0.4083     0.4848
		3520     0.8773     0.2036    -0.4345     0.4758
		3680     0.8934     0.1269    -0.4310     0.5212
		3840     0.8793     0.1083    -0.4638     0.4996
		4000     0.8862     0.0604    -0.4593     0.4969
		4160     0.9090     0.0530    -0.4134     0.4726
		4320     0.9301     0.0709    -0.3605     0.4460
		4480     0.9318     0.0604    -0.3579     0.4222
		4640     0.9279     0.0310    -0.3715     0.4048
		4800     0.9196    -0.0289    -0.3918     0.3793

#OBJECT 29
	*NodeName swat:LeftLeg
	*ANIMATION 0 31 0
		0    -0.9736    -0.1797    -0.1410     0.8883
		160    -0.9722    -0.2084    -0.1066     0.9087
		320    -0.9655    -0.2428    -0.0937     0.8803
		480    -0.9633    -0.2584    -0.0728     0.7958
		640    -0.9809    -0.1742     0.0867     0.6729
		800    -0.9629    -0.1275     0.2377     0.5578
		960    -0.9459    -0.0947     0.3105     0.4966
		1120    -0.9586    -0.0489     0.2806     0.4995
		1280    -0.9757    -0.0172     0.2186     0.5307
		1440    -0.9922    -0.0288     0.1217     0.5534
		1600    -0.9962    -0.0345     0.0797     0.5470
		1760    -0.9974    -0.0309     0.0654     0.5302
		1920    -0.9993    -0.0341     0.0125     0.4999
		2080    -0.9960    -0.0403    -0.0802     0.4783
		2240    -0.9952    -0.0254    -0.0945     0.4892
		2400    -0.9916    -0.0159    -0.1285     0.5191
		2560    -0.9872    -0.0089    -0.1593     0.5637
		2720    -0.9874     0.0024    -0.1585     0.6235
		2880    -0.9898     0.0205    -0.1410     0.6706
		3040    -0.9891     0.0426    -0.1409     0.6784
		3200    -0.9854     0.0826    -0.1488     0.6287
		3360    -0.9743     0.1163    -0.1931     0.5408
		3520    -0.9307     0.2173    -0.2942     0.3971
		3680    -0.9081     0.2501    -0.3359     0.4165
		3840    -0.8435     0.3036    -0.4431     0.3932
		4000    -0.9591     0.2386    -0.1522     0.5283
		4160    -0.9862     0.1647    -0.0170     0.6489
		4320    -0.9952     0.0955    -0.0212     0.7362
		4480    -0.9940     0.0161    -0.1085     0.7944
		4640    -0.9772    -0.0818    -0.1958     0.8464
		4800    -0.9768    -0.1350    -0.1664     0.8689

#OBJECT 30
	*NodeName swat:LeftFoot
	*ANIMATION 0 31 0
		0     0.2972     0.1093    -0.9485     0.1776
		160     0.3448    -0.1455    -0.9273     0.2136
		320     0.3026    -0.3994    -0.8654     0.1859
		480     0.1182    -0.7514    -0.6492     0.1240
		640    -0.1272    -0.6214    -0.7731     0.1061
		800     0.1891     0.3152    -0.9300     0.0898
		960     0.6242     0.6679    -0.4052     0.2017
		1120     0.7487     0.6110    -0.2571     0.3129
		1280     0.8250     0.5168    -0.2289     0.3601
		1440     0.8644     0.4407    -0.2422     0.3451
		1600     0.8915     0.3504    -0.2873     0.2971
		1760     0.9000     0.2616    -0.3485     0.2529
		1920     0.8797     0.1799    -0.4401     0.2093
		2080     0.8246     0.0845    -0.5594     0.1741
		2240     0.7573    -0.0769    -0.6486     0.1603
		2400     0.6797    -0.2220    -0.6991     0.1600
		2560     0.6146    -0.3394    -0.7121     0.1702
		2720     0.5506    -0.3948    -0.7355     0.1982
		2880     0.4522    -0.4257    -0.7837     0.2378
		3040     0.3024    -0.4723    -0.8280     0.2725
		3200     0.0671    -0.5541    -0.8298     0.3047
		3360    -0.2174    -0.6455    -0.7322     0.3360
		3520    -0.4457    -0.7382    -0.5064     0.3940
		3680    -0.6568    -0.4653    -0.5934     0.2374
		3840    -0.7666     0.5386    -0.3496     0.2863
		4000    -0.4659     0.8220    -0.3274     0.2547
		4160    -0.1196     0.8977    -0.4241     0.2198
		4320     0.0448     0.8661    -0.4978     0.1960
		4480    -0.0498     0.8383    -0.5430     0.1726
		4640    -0.0948     0.7208    -0.6867     0.1606
		4800     0.0551     0.3676    -0.9284     0.2069

#OBJECT 31
	*NodeName swat:LeftToeBase
	*ANIMATION 0 31 0
		0     1.0000     0.0000    -0.0000     0.0251
		160     1.0000     0.0000    -0.0000     0.0233
		320     1.0000    -0.0000    -0.0000     0.0323
		480     1.0000    -0.0000     0.0000     0.0412
		640     0.9814     0.1916     0.0104     0.0899
		800     0.9968     0.0793     0.0092     0.2107
		960     1.0000    -0.0000     0.0000     0.2609
		1120     1.0000     0.0000     0.0000     0.1995
		1280     1.0000     0.0000     0.0000     0.0712
		1440     1.0000     0.0000     0.0000     0.0469
		1600     1.0000     0.0000    -0.0000     0.0498
		1760     1.0000     0.0000    -0.0000     0.0532
		1920     1.0000     0.0000    -0.0000     0.0565
		2080     1.0000     0.0000    -0.0000     0.0595
		2240     1.0000     0.0000     0.0000     0.0609
		2400     1.0000    -0.0000     0.0000     0.0639
		2560     1.0000    -0.0000    -0.0000     0.0664
		2720     1.0000     0.0000     0.0000     0.0699
		2880     1.0000     0.0000     0.0000     0.0716
		3040     1.0000     0.0000     0.0000     0.0733
		3200     1.0000     0.0000    -0.0000     0.0710
		3360     1.0000    -0.0000     0.0000     0.0673
		3520     1.0000     0.0000     0.0000     0.0582
		3680    -1.0000    -0.0000    -0.0000     0.0126
		3840    -1.0000    -0.0000     0.0001     0.0051
		4000     1.0000     0.0000     0.0000     0.0301
		4160     1.0000     0.0000    -0.0000     0.0368
		4320     1.0000    -0.0000     0.0000     0.0593
		4480     1.0000     0.0000     0.0000     0.0727
		4640     1.0000     0.0000    -0.0000     0.0559
		4800     1.0000    -0.0000     0.0000     0.0309

#OBJECT 32
	*NodeName swat:LeftFootToeBase_End
	*ANIMATION 0 0 0

#OBJECT 33
	*NodeName swat:RightUpLeg
	*ANIMATION 0 31 0
		0     0.2529     0.2253     0.9409     0.3325
		160     0.3931     0.2806     0.8756     0.3470
		320     0.5140     0.3375     0.7886     0.3853
		480     0.5885     0.3830     0.7120     0.4328
		640     0.6118     0.4252     0.6670     0.4772
		800     0.6462     0.4755     0.5970     0.5223
		960     0.6706     0.5189     0.5301     0.5886
		1120     0.6495     0.5608     0.5134     0.6571
		1280     0.6608     0.5615     0.4980     0.7239
		1440     0.6539     0.5633     0.5050     0.7457
		1600     0.6423     0.5575     0.5261     0.7233
		1760     0.6586     0.5134     0.5501     0.6851
		1920     0.6466     0.5155     0.5623     0.6484
		2080     0.6319     0.4774     0.6105     0.5780
		2240     0.5901     0.4202     0.6894     0.4985
		2400     0.4874     0.3391     0.8046     0.4089
		2560     0.2306     0.2278     0.9460     0.3267
		2720    -0.2581     0.1443     0.9553     0.2900
		2880    -0.6616    -0.0679     0.7467     0.3349
		3040    -0.8467    -0.1288     0.5162     0.4048
		3200    -0.9105    -0.1610     0.3810     0.5077
		3360    -0.9178    -0.2062     0.3392     0.6074
		3520    -0.8966    -0.2413     0.3714     0.7018
		3680    -0.8744    -0.3147     0.3693     0.6917
		3840    -0.8310    -0.3610     0.4233     0.6042
		4000    -0.7522    -0.3474     0.5600     0.5263
		4160    -0.6402    -0.2965     0.7087     0.4511
		4320    -0.4681    -0.1655     0.8681     0.3837
		4480    -0.2567    -0.0179     0.9663     0.3479
		4640    -0.0483     0.0876     0.9950     0.3288
		4800     0.1077     0.1635     0.9806     0.3231

#OBJECT 34
	*NodeName swat:RightLeg
	*ANIMATION 0 31 0
		0    -0.9300     0.0573     0.3632     0.4783
		160    -0.9365     0.0820     0.3408     0.5069
		320    -0.9466     0.0898     0.3096     0.5540
		480    -0.9540     0.0957     0.2843     0.5912
		640    -0.9567     0.1020     0.2727     0.5926
		800    -0.9683     0.1321     0.2121     0.5451
		960    -0.9809     0.1642     0.1043     0.4857
		1120    -0.9842     0.1556     0.0849     0.4170
		1280    -0.9975     0.0648    -0.0270     0.4798
		1440    -0.9529    -0.0688    -0.2955     0.5775
		1600    -0.9636    -0.0969    -0.2493     0.6626
		1760    -0.9920    -0.0388    -0.1200     0.7736
		1920    -0.9797    -0.1356    -0.1477     0.9387
		2080    -0.9839    -0.1333    -0.1194     1.0724
		2240    -0.9908    -0.1105    -0.0778     1.1608
		2400    -0.9991    -0.0426     0.0088     1.1921
		2560    -0.9889     0.0614     0.1353     1.1812
		2720    -0.9844     0.0388     0.1714     1.0976
		2880    -0.9810     0.0614     0.1843     0.9426
		3040    -0.9710     0.0431     0.2352     0.7611
		3200    -0.9490     0.0725     0.3068     0.5197
		3360    -0.8805     0.1220     0.4580     0.2866
		3520    -0.2741     0.1119     0.9552     0.1550
		3680    -0.2417     0.1062     0.9645     0.1554
		3840    -0.8090     0.0384     0.5865     0.2039
		4000    -0.9383    -0.0392     0.3435     0.3298
		4160    -0.9594    -0.0519     0.2773     0.4503
		4320    -0.9660    -0.0480     0.2542     0.5261
		4480    -0.9656    -0.0271     0.2584     0.5434
		4640    -0.9584     0.0058     0.2854     0.5249
		4800    -0.9451     0.0342     0.3251     0.4860

#OBJECT 35
	*NodeName swat:RightFoot
	*ANIMATION 0 31 0
		0     0.6635    -0.0329     0.7475     0.2720
		160     0.6121    -0.0937     0.7852     0.2605
		320     0.5698    -0.1630     0.8055     0.2442
		480     0.4599    -0.2534     0.8511     0.2246
		640     0.2382    -0.3439     0.9083     0.2137
		800    -0.0229    -0.3968     0.9176     0.2638
		960     0.1033    -0.3919     0.9142     0.3018
		1120     0.3555    -0.4169     0.8365     0.2687
		1280     0.6284    -0.3850     0.6760     0.2693
		1440     0.4190    -0.2529     0.8721     0.2772
		1600     0.2310    -0.2350     0.9442     0.1797
		1760     0.1698    -0.3673     0.9145     0.0839
		1920     0.1700     0.0256     0.9851     0.1705
		2080     0.0163    -0.0291     0.9994     0.2236
		2240    -0.2456    -0.1627     0.9556     0.2731
		2400    -0.5742    -0.3363     0.7465     0.2949
		2560    -0.8377    -0.4490     0.3108     0.3334
		2720    -0.8550    -0.4222     0.3012     0.4207
		2880    -0.8216    -0.4578     0.3397     0.4962
		3040    -0.7551    -0.5528     0.3525     0.4399
		3200    -0.5369    -0.7611     0.3639     0.3325
		3360    -0.0784    -0.6660     0.7419     0.1966
		3520     0.5326     0.0046     0.8464     0.1932
		3680     0.8278     0.1625     0.5369     0.3561
		3840     0.8553     0.1690     0.4897     0.5531
		4000     0.8599     0.1246     0.4951     0.6216
		4160     0.8616     0.0927     0.4990     0.6148
		4320     0.8663     0.0721     0.4944     0.5670
		4480     0.8573     0.0549     0.5119     0.4883
		4640     0.8219     0.0347     0.5685     0.4026
		4800     0.7446     0.0128     0.6674     0.3238

#OBJECT 36
	*NodeName swat:RightToeBase
	*ANIMATION 0 31 0
		0     1.0000    -0.0000     0.0000     0.0366
		160     1.0000     0.0000    -0.0000     0.0325
		320     1.0000     0.0000     0.0000     0.0339
		480     1.0000    -0.0000    -0.0000     0.0389
		640     1.0000    -0.0000    -0.0000     0.0221
		800     1.0000     0.0000    -0.0000     0.0122
		960     1.0000     0.0000    -0.0000     0.0148
		1120     1.0000     0.0000    -0.0000     0.0266
		1280     1.0000    -0.0000     0.0000     0.0285
		1440     1.0000    -0.0000    -0.0000     0.0412
		1600     1.0000    -0.0000     0.0000     0.0305
		1760     1.0000     0.0000    -0.0000     0.0136
		1920     1.0000    -0.0000     0.0000     0.0224
		2080     0.5562    -0.8310    -0.0134     0.0414
		2240     1.0000     0.0000     0.0000     0.0069
		2400     1.0000     0.0000     0.0000     0.0082
		2560     1.0000     0.0000     0.0000     0.0071
		2720     1.0000     0.0000     0.0000     0.0080
		2880     1.0000    -0.0000     0.0000     0.0538
		3040     0.9944    -0.1053    -0.0092     0.2047
		3200     0.9773     0.2102     0.0276     0.5399
		3360     0.9898     0.1388     0.0336     0.5234
		3520     1.0000     0.0000    -0.0000     0.4321
		3680     1.0000    -0.0000     0.0000     0.3358
		3840     1.0000     0.0000     0.0000     0.1287
		4000     1.0000     0.0000     0.0000     0.0756
		4160     1.0000     0.0000     0.0000     0.0607
		4320     1.0000     0.0000    -0.0000     0.0491
		4480     1.0000    -0.0000    -0.0000     0.0432
		4640     1.0000     0.0000    -0.0000     0.0402
		4800     1.0000     0.0000    -0.0000     0.0385

#OBJECT 37
	*NodeName swat:RightFootToeBase_End
	*ANIMATION 0 0 0