#PSB_CHARACTER_TOOL_ANIMATION_DATA
#SCENE 0 42 30 160 38

#OBJECT 0
	*NodeName swat:Hips
	*ANIMATION 0 42 0
		0    -0.9092     0.2864     0.3022     1.4767
		160    -0.9071     0.2867     0.3080     1.4705
		320    -0.9054     0.2871     0.3129     1.4655
		480    -0.9039     0.2881     0.3162     1.4621
		640    -0.9019     0.2903     0.3199     1.4604
		800    -0.8982     0.2961     0.3248     1.4592
		960    -0.8932     0.3061     0.3293     1.4581
		1120    -0.8882     0.3154     0.3341     1.4564
		1280    -0.8836     0.3211     0.3408     1.4548
		1440    -0.8790     0.3263     0.3476     1.4551
		1600    -0.8738     0.3327     0.3546     1.4608
		1760    -0.8679     0.3383     0.3637     1.4705
		1920    -0.8627     0.3424     0.3722     1.4740
		2080    -0.8589     0.3455     0.3780     1.4681
		2240    -0.8581     0.3422     0.3827     1.4609
		2400    -0.8610     0.3329     0.3844     1.4524
		2560    -0.8654     0.3210     0.3848     1.4435
		2720    -0.8708     0.3073     0.3839     1.4349
		2880    -0.8767     0.2928     0.3817     1.4271
		3040    -0.8827     0.2786     0.3784     1.4206
		3200    -0.8892     0.2653     0.3727     1.4171
		3360    -0.8956     0.2539     0.3652     1.4128
		3520    -0.9024     0.2433     0.3557     1.4087
		3680    -0.9086     0.2331     0.3465     1.4103
		3840    -0.9129     0.2261     0.3398     1.4174
		4000    -0.9152     0.2233     0.3356     1.4287
		4160    -0.9162     0.2217     0.3337     1.4443
		4320    -0.9180     0.2176     0.3316     1.4630
		4480    -0.9214     0.2099     0.3272     1.4832
		4640    -0.9259     0.2030     0.3186     1.5009
		4800    -0.9321     0.1986     0.3029     1.5114
		4960    -0.9409     0.1932     0.2782     1.5184
		5120    -0.9483     0.1916     0.2532     1.5258
		5280    -0.9482     0.2016     0.2454     1.5317
		5440    -0.9419     0.2189     0.2548     1.5325
		5600    -0.9351     0.2376     0.2629     1.5270
		5760    -0.9296     0.2571     0.2642     1.5186
		5920    -0.9242     0.2717     0.2683     1.5114
		6080    -0.9197     0.2768     0.2783     1.5040
		6240    -0.9161     0.2789     0.2882     1.4939
		6400    -0.9125     0.2824     0.2961     1.4840
		6560    -0.9092     0.2864     0.3022     1.4767

#OBJECT 1
	*NodeName swat:Spine
	*ANIMATION 0 42 0
		0    -0.8834    -0.3174     0.3447     0.2636
		160    -0.9016    -0.2702     0.3379     0.2614
		320    -0.9125    -0.2323     0.3368     0.2604
		480    -0.9188    -0.2034     0.3383     0.2582
		640    -0.9245    -0.1786     0.3368     0.2546
		800    -0.9342    -0.1553     0.3211     0.2514
		960    -0.9479    -0.1406     0.2858     0.2502
		1120    -0.9616    -0.1220     0.2459     0.2509
		1280    -0.9724    -0.0940     0.2137     0.2516
		1440    -0.9808    -0.0798     0.1779     0.2528
		1600    -0.9885    -0.0776     0.1301     0.2508
		1760    -0.9938    -0.0698     0.0865     0.2465
		1920    -0.9961    -0.0573     0.0666     0.2486
		2080    -0.9972    -0.0460     0.0591     0.2594
		2240    -0.9972    -0.0229     0.0705     0.2666
		2400    -0.9941     0.0042     0.1087     0.2718
		2560    -0.9871     0.0325     0.1566     0.2767
		2720    -0.9761     0.0588     0.2094     0.2816
		2880    -0.9615     0.0798     0.2628     0.2865
		3040    -0.9452     0.0931     0.3128     0.2910
		3200    -0.9288     0.0902     0.3593     0.2933
		3360    -0.9144     0.0766     0.3976     0.2973
		3520    -0.8987     0.0560     0.4350     0.3011
		3680    -0.8806     0.0330     0.4727     0.2987
		3840    -0.8646     0.0075     0.5024     0.2909
		4000    -0.8521    -0.0220     0.5229     0.2810
		4160    -0.8351    -0.0488     0.5479     0.2683
		4320    -0.7976    -0.0666     0.5995     0.2504
		4480    -0.7388    -0.0813     0.6690     0.2304
		4640    -0.6762    -0.1058     0.7291     0.2165
		4800    -0.6115    -0.1580     0.7753     0.2167
		4960    -0.5275    -0.2380     0.8156     0.2287
		5120    -0.4516    -0.3260     0.8305     0.2423
		5280    -0.4413    -0.3903     0.8080     0.2445
		5440    -0.4989    -0.4148     0.7609     0.2374
		5600    -0.5765    -0.4334     0.6927     0.2365
		5760    -0.6435    -0.4672     0.6063     0.2453
		5920    -0.7031    -0.4750     0.5291     0.2518
		6080    -0.7595    -0.4402     0.4790     0.2525
		6240    -0.8119    -0.3910     0.4335     0.2543
		6400    -0.8540    -0.3484     0.3863     0.2591
		6560    -0.8834    -0.3174     0.3447     0.2636

#OBJECT 2
	*NodeName swat:Spine1
	*ANIMATION 0 42 0
		0    -0.6288    -0.2459     0.7377     0.0558
		160    -0.6308    -0.1671     0.7577     0.0558
		320    -0.6495    -0.0986     0.7540     0.0554
		480    -0.6637    -0.0335     0.7473     0.0554
		640    -0.6785     0.0319     0.7339     0.0554
		800    -0.7024     0.0857     0.7066     0.0553
		960    -0.7262     0.1068     0.6791     0.0553
		1120    -0.7429     0.1046     0.6612     0.0552
		1280    -0.7599     0.1098     0.6407     0.0555
		1440    -0.7792     0.1066     0.6176     0.0567
		1600    -0.7910     0.0836     0.6060     0.0571
		1760    -0.8052     0.0695     0.5889     0.0554
		1920    -0.8259     0.1099     0.5530     0.0546
		2080    -0.8336     0.1592     0.5289     0.0569
		2240    -0.8268     0.2042     0.5242     0.0601
		2400    -0.8154     0.2272     0.5325     0.0631
		2560    -0.8029     0.2411     0.5452     0.0659
		2720    -0.7900     0.2481     0.5606     0.0687
		2880    -0.7773     0.2499     0.5774     0.0713
		3040    -0.7650     0.2481     0.5944     0.0739
		3200    -0.7529     0.2381     0.6136     0.0762
		3360    -0.7432     0.2158     0.6333     0.0784
		3520    -0.7305     0.1951     0.6544     0.0810
		3680    -0.7121     0.1817     0.6781     0.0832
		3840    -0.6941     0.1728     0.6988     0.0844
		4000    -0.6759     0.1695     0.7172     0.0835
		4160    -0.6608     0.1662     0.7319     0.0805
		4320    -0.6547     0.1811     0.7339     0.0783
		4480    -0.6338     0.1759     0.7533     0.0771
		4640    -0.5777     0.1192     0.8075     0.0748
		4800    -0.5090     0.0406     0.8598     0.0730
		4960    -0.4361    -0.0433     0.8989     0.0737
		5120    -0.3913    -0.1163     0.9129     0.0762
		5280    -0.3962    -0.1461     0.9065     0.0752
		5440    -0.4334    -0.1295     0.8918     0.0697
		5600    -0.4831    -0.1063     0.8691     0.0651
		5760    -0.5324    -0.1220     0.8376     0.0632
		5920    -0.5615    -0.1662     0.8106     0.0616
		6080    -0.5709    -0.1753     0.8021     0.0581
		6240    -0.5815    -0.1830     0.7927     0.0554
		6400    -0.5958    -0.2423     0.7658     0.0538
		6560    -0.6288    -0.2459     0.7377     0.0558

#OBJECT 3
	*NodeName swat:Spine2
	*ANIMATION 0 42 0
		0    -0.6252    -0.2587     0.7363     0.0558
		160    -0.6246    -0.1811     0.7596     0.0558
		320    -0.6411    -0.1121     0.7592     0.0554
		480    -0.6536    -0.0460     0.7555     0.0554
		640    -0.6672     0.0213     0.7445     0.0553
		800    -0.6900     0.0777     0.7197     0.0552
		960    -0.7137     0.0988     0.6935     0.0551
		1120    -0.7311     0.0957     0.6756     0.0550
		1280    -0.7489     0.1009     0.6550     0.0553
		1440    -0.7687     0.0982     0.6320     0.0566
		1600    -0.7810     0.0747     0.6201     0.0569
		1760    -0.7962     0.0599     0.6021     0.0553
		1920    -0.8175     0.1009     0.5671     0.0545
		2080    -0.8247     0.1507     0.5451     0.0567
		2240    -0.8169     0.1967     0.5422     0.0599
		2400    -0.8048     0.2211     0.5507     0.0628
		2560    -0.7918     0.2366     0.5631     0.0657
		2720    -0.7785     0.2452     0.5778     0.0684
		2880    -0.7653     0.2486     0.5938     0.0711
		3040    -0.7527     0.2481     0.6099     0.0736
		3200    -0.7403     0.2395     0.6282     0.0759
		3360    -0.7310     0.2178     0.6467     0.0782
		3520    -0.7186     0.1972     0.6669     0.0808
		3680    -0.7005     0.1843     0.6895     0.0830
		3840    -0.6825     0.1757     0.7095     0.0842
		4000    -0.6643     0.1719     0.7275     0.0833
		4160    -0.6494     0.1685     0.7415     0.0803
		4320    -0.6422     0.1859     0.7436     0.0781
		4480    -0.6207     0.1832     0.7624     0.0770
		4640    -0.5666     0.1251     0.8144     0.0748
		4800    -0.5011     0.0436     0.8643     0.0730
		4960    -0.4309    -0.0426     0.9014     0.0737
		5120    -0.3874    -0.1156     0.9146     0.0763
		5280    -0.3908    -0.1443     0.9091     0.0752
		5440    -0.4251    -0.1276     0.8961     0.0696
		5600    -0.4728    -0.1050     0.8749     0.0650
		5760    -0.5224    -0.1219     0.8439     0.0631
		5920    -0.5530    -0.1687     0.8159     0.0615
		6080    -0.5631    -0.1593     0.8109     0.0590
		6240    -0.5847    -0.1253     0.8015     0.0585
		6400    -0.6437    -0.1298     0.7542     0.0600
		6560    -0.6252    -0.2587     0.7363     0.0558

#OBJECT 4
	*NodeName swat:Neck
	*ANIMATION 0 42 0
		0    -0.6382     0.2514    -0.7277     0.3371
		160    -0.6540     0.2162    -0.7250     0.3413
		320    -0.6705     0.1765    -0.7207     0.3466
		480    -0.6853     0.1376    -0.7152     0.3525
		640    -0.6968     0.1047    -0.7096     0.3579
		800    -0.7042     0.0822    -0.7052     0.3617
		960    -0.7068     0.0743    -0.7035     0.3629
		1120    -0.7049     0.0825    -0.7045     0.3606
		1280    -0.6997     0.1039    -0.7068     0.3554
		1440    -0.6910     0.1359    -0.7100     0.3483
		1600    -0.6784     0.1759    -0.7133     0.3405
		1760    -0.6619     0.2208    -0.7163     0.3329
		1920    -0.6420     0.2669    -0.7187     0.3264
		2080    -0.6200     0.3100    -0.7208     0.3217
		2240    -0.5979     0.3454    -0.7234     0.3194
		2400    -0.5784     0.3686    -0.7277     0.3196
		2560    -0.5615     0.3760    -0.7371     0.3238
		2720    -0.5460     0.3715    -0.7509     0.3315
		2880    -0.5327     0.3623    -0.7648     0.3404
		3040    -0.5221     0.3550    -0.7755     0.3479
		3200    -0.5142     0.3543    -0.7810     0.3521
		3360    -0.5076     0.3574    -0.7840     0.3545
		3520    -0.5021     0.3622    -0.7853     0.3557
		3680    -0.4978     0.3680    -0.7854     0.3561
		3840    -0.4949     0.3736    -0.7845     0.3559
		4000    -0.4936     0.3782    -0.7832     0.3552
		4160    -0.4941     0.3807    -0.7816     0.3544
		4320    -0.4967     0.3801    -0.7803     0.3537
		4480    -0.5012     0.3768    -0.7790     0.3530
		4640    -0.5075     0.3720    -0.7772     0.3521
		4800    -0.5152     0.3657    -0.7751     0.3509
		4960    -0.5242     0.3582    -0.7726     0.3496
		5120    -0.5343     0.3496    -0.7696     0.3482
		5280    -0.5452     0.3400    -0.7663     0.3467
		5440    -0.5568     0.3296    -0.7624     0.3452
		5600    -0.5688     0.3187    -0.7582     0.3438
		5760    -0.5810     0.3073    -0.7536     0.3424
		5920    -0.5933     0.2957    -0.7487     0.3411
		6080    -0.6053     0.2841    -0.7436     0.3399
		6240    -0.6169     0.2727    -0.7383     0.3388
		6400    -0.6279     0.2617    -0.7329     0.3379
		6560    -0.6382     0.2514    -0.7277     0.3371

#OBJECT 5
	*NodeName swat:Neck1
	*ANIMATION 0 0 0

#OBJECT 6
	*NodeName swat:Head
	*ANIMATION 0 0 0

#OBJECT 7
	*NodeName swat:HeadTop_End
	*ANIMATION 0 0 0

#OBJECT 8
	*NodeName swat:LeftShoulder
	*ANIMATION 0 42 0
		0    -0.0899     0.7359     0.6711     0.3033
		160    -0.0900     0.7410     0.6654     0.2953
		320    -0.0900     0.7481     0.6574     0.2852
		480    -0.0897     0.7525     0.6525     0.2837
		640    -0.0891     0.7538     0.6510     0.2915
		800    -0.0887     0.7551     0.6495     0.2977
		960    -0.0887     0.7551     0.6496     0.2980
		1120    -0.0891     0.7538     0.6511     0.2920
		1280    -0.0897     0.7557     0.6488     0.2803
		1440    -0.0901     0.7581     0.6458     0.2709
		1600    -0.0906     0.7594     0.6443     0.2607
		1760    -0.0912     0.7653     0.6372     0.2447
		1920    -0.0912     0.7731     0.6277     0.2379
		2080    -0.0908     0.7757     0.6245     0.2414
		2240    -0.0904     0.7792     0.6202     0.2433
		2400    -0.0900     0.7874     0.6098     0.2395
		2560    -0.0901     0.7924     0.6033     0.2349
		2720    -0.0905     0.7877     0.6094     0.2357
		2880    -0.0907     0.7780     0.6217     0.2439
		3040    -0.0905     0.7723     0.6288     0.2520
		3200    -0.0906     0.7688     0.6330     0.2555
		3360    -0.0911     0.7631     0.6398     0.2572
		3520    -0.0915     0.7555     0.6488     0.2617
		3680    -0.0916     0.7468     0.6587     0.2706
		3840    -0.0916     0.7404     0.6659     0.2778
		4000    -0.0919     0.7386     0.6679     0.2767
		4160    -0.0921     0.7399     0.6664     0.2734
		4320    -0.0912     0.7433     0.6627     0.2810
		4480    -0.0903     0.7431     0.6630     0.2919
		4640    -0.0905     0.7367     0.6702     0.2948
		4800    -0.0910     0.7295     0.6778     0.2960
		4960    -0.0912     0.7237     0.6841     0.3010
		5120    -0.0908     0.7221     0.6858     0.3074
		5280    -0.0900     0.7284     0.6792     0.3089
		5440    -0.0893     0.7385     0.6684     0.3035
		5600    -0.0891     0.7439     0.6624     0.2978
		5760    -0.0892     0.7431     0.6633     0.2964
		5920    -0.0894     0.7406     0.6659     0.2984
		6080    -0.0897     0.7371     0.6698     0.3020
		6240    -0.0900     0.7333     0.6740     0.3050
		6400    -0.0901     0.7330     0.6742     0.3054
		6560    -0.0899     0.7359     0.6711     0.3033

#OBJECT 9
	*NodeName swat:LeftArm
	*ANIMATION 0 42 0
		0     0.7030     0.4813     0.5236     1.0898
		160     0.6989     0.4891     0.5218     1.0842
		320     0.6920     0.4955     0.5250     1.0825
		480     0.6902     0.4971     0.5259     1.0768
		640     0.6939     0.4935     0.5243     1.0694
		800     0.6961     0.4896     0.5251     1.0658
		960     0.6941     0.4906     0.5267     1.0637
		1120     0.6889     0.4966     0.5280     1.0629
		1280     0.6817     0.5029     0.5313     1.0660
		1440     0.6755     0.5075     0.5350     1.0663
		1600     0.6687     0.5152     0.5361     1.0619
		1760     0.6611     0.5242     0.5368     1.0603
		1920     0.6664     0.5218     0.5326     1.0607
		2080     0.6830     0.5092     0.5236     1.0608
		2240     0.7003     0.4953     0.5141     1.0613
		2400     0.7127     0.4866     0.5052     1.0617
		2560     0.7231     0.4835     0.4933     1.0552
		2720     0.7353     0.4778     0.4807     1.0430
		2880     0.7508     0.4671     0.4669     1.0341
		3040     0.7627     0.4620     0.4525     1.0305
		3200     0.7682     0.4643     0.4408     1.0297
		3360     0.7703     0.4689     0.4322     1.0303
		3520     0.7721     0.4725     0.4250     1.0299
		3680     0.7744     0.4755     0.4175     1.0246
		3840     0.7733     0.4826     0.4113     1.0181
		4000     0.7667     0.4939     0.4101     1.0199
		4160     0.7579     0.5063     0.4114     1.0227
		4320     0.7555     0.5106     0.4104     1.0160
		4480     0.7547     0.5135     0.4083     1.0036
		4640     0.7473     0.5263     0.4057     0.9927
		4800     0.7398     0.5367     0.4059     0.9886
		4960     0.7356     0.5411     0.4075     0.9886
		5120     0.7333     0.5383     0.4154     0.9907
		5280     0.7301     0.5286     0.4331     0.9996
		5440     0.7245     0.5158     0.4573     1.0141
		5600     0.7190     0.5027     0.4798     1.0283
		5760     0.7148     0.4934     0.4955     1.0415
		5920     0.7120     0.4879     0.5050     1.0542
		6080     0.7115     0.4842     0.5093     1.0680
		6240     0.7111     0.4807     0.5131     1.0816
		6400     0.7085     0.4776     0.5196     1.0911
		6560     0.7030     0.4813     0.5236     1.0898

#OBJECT 10
	*NodeName swat:LeftForeArm
	*ANIMATION 0 42 0
		0    -0.0000    -0.0000     1.0000     1.0552
		160    -0.0000    -0.0000     1.0000     1.0643
		320    -0.0000     0.0000     1.0000     1.0682
		480     0.0000     0.0000     1.0000     1.0753
		640    -0.0000    -0.0000     1.0000     1.0845
		800    -0.0000     0.0000     1.0000     1.0900
		960    -0.0000    -0.0000     1.0000     1.0928
		1120    -0.0000    -0.0000     1.0000     1.0954
		1280    -0.0000     0.0000     1.0000     1.0978
		1440    -0.0000    -0.0000     1.0000     1.1015
		1600     0.0000     0.0000     1.0000     1.1081
		1760    -0.0000    -0.0000     1.0000     1.1166
		1920     0.0000    -0.0000     1.0000     1.1336
		2080    -0.0000    -0.0000     1.0000     1.1570
		2240     0.0000     0.0000     1.0000     1.1793
		2400     0.0000     0.0000     1.0000     1.2023
		2560    -0.0000    -0.0000     1.0000     1.2368
		2720     0.0000     0.0000     1.0000     1.2618
		2880     0.0000     0.0000     1.0000     1.2797
		3040    -0.0000    -0.0000     1.0000     1.2970
		3200     0.0000     0.0000     1.0000     1.3081
		3360    -0.0000    -0.0000     1.0000     1.3103
		3520    -0.0000    -0.0000     1.0000     1.3079
		3680    -0.0000    -0.0000     1.0000     1.3047
		3840    -0.0000    -0.0000     1.0000     1.2988
		4000     0.0000     0.0000     1.0000     1.2859
		4160    -0.0000    -0.0000     1.0000     1.2694
		4320     0.0000     0.0000     1.0000     1.2650
		4480    -0.0000    -0.0000     1.0000     1.2610
		4640    -0.0000    -0.0000     1.0000     1.2551
		4800    -0.0000    -0.0000     1.0000     1.2482
		4960    -0.0000    -0.0000     1.0000     1.2411
		5120    -0.0000    -0.0000     1.0000     1.2306
		5280     0.0000     0.0000     1.0000     1.2134
		5440     0.0000     0.0000     1.0000     1.1905
		5600     0.0000     0.0000     1.0000     1.1656
		5760     0.0000     0.0000     1.0000     1.1413
		5920     0.0000     0.0000     1.0000     1.1200
		6080     0.0000     0.0000     1.0000     1.1021
		6240     0.0000     0.0000     1.0000     1.0849
		6400    -0.0000    -0.0000     1.0000     1.0676
		6560    -0.0000    -0.0000     1.0000     1.0552

#OBJECT 11
	*NodeName swat:LeftHand
	*ANIMATION 0 42 0
		0    -0.9788     0.0627     0.1948     4.0352
		160    -0.9786     0.0616     0.1962     4.0428
		320    -0.9787     0.0600     0.1965     4.0474
		480    -0.9782     0.0597     0.1991     4.0524
		640    -0.9770     0.0608     0.2044     4.0601
		800    -0.9759     0.0620     0.2094     4.0686
		960    -0.9753     0.0634     0.2114     4.0730
		1120    -0.9753     0.0654     0.2109     4.0733
		1280    -0.9755     0.0677     0.2091     4.0723
		1440    -0.9763     0.0701     0.2046     4.0676
		1600    -0.9774     0.0728     0.1984     4.0586
		1760    -0.9779     0.0765     0.1943     4.0483
		1920    -0.9766     0.0827     0.1987     4.0426
		2080    -0.9739     0.0910     0.2078     4.0389
		2240    -0.9712     0.0991     0.2169     4.0338
		2400    -0.9688     0.1070     0.2234     4.0258
		2560    -0.9665     0.1183     0.2276     4.0146
		2720    -0.9653     0.1261     0.2288     4.0000
		2880    -0.9638     0.1320     0.2317     3.9893
		3040    -0.9623     0.1371     0.2348     3.9854
		3200    -0.9619     0.1393     0.2351     3.9836
		3360    -0.9627     0.1380     0.2327     3.9821
		3520    -0.9639     0.1346     0.2296     3.9822
		3680    -0.9653     0.1304     0.2263     3.9830
		3840    -0.9671     0.1250     0.2216     3.9857
		4000    -0.9688     0.1188     0.2176     3.9915
		4160    -0.9705     0.1121     0.2136     3.9974
		4320    -0.9708     0.1098     0.2132     4.0022
		4480    -0.9713     0.1080     0.2118     4.0034
		4640    -0.9724     0.1066     0.2073     4.0004
		4800    -0.9732     0.1064     0.2037     3.9966
		4960    -0.9735     0.1071     0.2022     3.9943
		5120    -0.9736     0.1075     0.2012     3.9908
		5280    -0.9734     0.1070     0.2024     3.9911
		5440    -0.9732     0.1051     0.2047     3.9955
		5600    -0.9734     0.1018     0.2054     3.9985
		5760    -0.9744     0.0967     0.2030     4.0006
		5920    -0.9754     0.0908     0.2009     4.0051
		6080    -0.9756     0.0847     0.2025     4.0185
		6240    -0.9759     0.0779     0.2036     4.0326
		6400    -0.9772     0.0702     0.2004     4.0379
		6560    -0.9788     0.0627     0.1948     4.0352

#OBJECT 12
	*NodeName swat:LeftInHandThumb
	*ANIMATION 0 0 0

#OBJECT 13
	*NodeName swat:LeftHandThumb1
	*ANIMATION 0 0 0

#OBJECT 14
	*NodeName swat:LeftHandThumb2_End
	*ANIMATION 0 0 0

#OBJECT 15
	*NodeName swat:LeftHandIndex1
	*ANIMATION 0 0 0

#OBJECT 16
	*NodeName swat:LeftHandIndex2
	*ANIMATION 0 0 0

#OBJECT 17
	*NodeName swat:LeftHandIndex3_End
	*ANIMATION 0 0 0

#OBJECT 18
	*NodeName swat:RightShoulder
	*ANIMATION 0 42 0
		0    -0.0806    -0.9134    -0.3990     0.2269
		160    -0.0804    -0.9156    -0.3941     0.2247
		320    -0.0806    -0.9165    -0.3917     0.2212
		480    -0.0807    -0.9173    -0.3899     0.2179
		640    -0.0811    -0.9166    -0.3915     0.2151
		800    -0.0815    -0.9146    -0.3962     0.2146
		960    -0.0815    -0.9128    -0.4003     0.2174
		1120    -0.0810    -0.9119    -0.4023     0.2238
		1280    -0.0804    -0.9124    -0.4014     0.2295
		1440    -0.0800    -0.9137    -0.3985     0.2319
		1600    -0.0796    -0.9139    -0.3981     0.2354
		1760    -0.0795    -0.9114    -0.4039     0.2404
		1920    -0.0800    -0.9068    -0.4139     0.2432
		2080    -0.0803    -0.9042    -0.4194     0.2444
		2240    -0.0806    -0.9038    -0.4203     0.2429
		2400    -0.0812    -0.9001    -0.4280     0.2422
		2560    -0.0816    -0.8935    -0.4417     0.2510
		2720    -0.0810    -0.8925    -0.4436     0.2614
		2880    -0.0803    -0.8977    -0.4333     0.2618
		3040    -0.0804    -0.9009    -0.4266     0.2547
		3200    -0.0810    -0.9011    -0.4261     0.2462
		3360    -0.0816    -0.9014    -0.4252     0.2387
		3520    -0.0819    -0.9028    -0.4223     0.2325
		3680    -0.0820    -0.9046    -0.4183     0.2284
		3840    -0.0820    -0.9066    -0.4140     0.2247
		4000    -0.0823    -0.9071    -0.4127     0.2206
		4160    -0.0826    -0.9047    -0.4180     0.2203
		4320    -0.0828    -0.9018    -0.4241     0.2219
		4480    -0.0827    -0.9046    -0.4181     0.2174
		4640    -0.0824    -0.9103    -0.4057     0.2103
		4800    -0.0824    -0.9120    -0.4018     0.2071
		4960    -0.0823    -0.9148    -0.3953     0.2026
		5120    -0.0816    -0.9218    -0.3791     0.1970
		5280    -0.0808    -0.9254    -0.3703     0.1987
		5440    -0.0803    -0.9240    -0.3740     0.2069
		5600    -0.0800    -0.9231    -0.3760     0.2125
		5760    -0.0798    -0.9229    -0.3767     0.2146
		5920    -0.0800    -0.9200    -0.3836     0.2179
		6080    -0.0804    -0.9154    -0.3944     0.2226
		6240    -0.0807    -0.9119    -0.4024     0.2261
		6400    -0.0808    -0.9114    -0.4034     0.2270
		6560    -0.0806    -0.9134    -0.3990     0.2269

#OBJECT 19
	*NodeName swat:RightArm
	*ANIMATION 0 42 0
		0    -0.0350    -0.4054    -0.9135     1.3332
		160    -0.0478    -0.4110    -0.9104     1.3357
		320    -0.0569    -0.4157    -0.9077     1.3380
		480    -0.0651    -0.4205    -0.9049     1.3402
		640    -0.0716    -0.4234    -0.9031     1.3400
		800    -0.0763    -0.4246    -0.9021     1.3361
		960    -0.0797    -0.4261    -0.9012     1.3292
		1120    -0.0821    -0.4291    -0.8995     1.3211
		1280    -0.0822    -0.4337    -0.8973     1.3160
		1440    -0.0815    -0.4375    -0.8955     1.3119
		1600    -0.0827    -0.4387    -0.8948     1.3063
		1760    -0.0819    -0.4375    -0.8955     1.3022
		1920    -0.0752    -0.4315    -0.8990     1.3057
		2080    -0.0637    -0.4221    -0.9043     1.3147
		2240    -0.0516    -0.4142    -0.9087     1.3304
		2400    -0.0409    -0.4100    -0.9112     1.3444
		2560    -0.0342    -0.4088    -0.9120     1.3448
		2720    -0.0294    -0.4095    -0.9118     1.3482
		2880    -0.0235    -0.4107    -0.9115     1.3617
		3040    -0.0200    -0.4102    -0.9118     1.3729
		3200    -0.0190    -0.4084    -0.9126     1.3799
		3360    -0.0191    -0.4069    -0.9133     1.3860
		3520    -0.0214    -0.4076    -0.9129     1.3910
		3680    -0.0269    -0.4110    -0.9113     1.3931
		3840    -0.0355    -0.4150    -0.9091     1.3925
		4000    -0.0418    -0.4169    -0.9080     1.3929
		4160    -0.0481    -0.4182    -0.9071     1.3903
		4320    -0.0557    -0.4217    -0.9050     1.3828
		4480    -0.0632    -0.4280    -0.9016     1.3813
		4640    -0.0696    -0.4345    -0.8980     1.3805
		4800    -0.0709    -0.4361    -0.8971     1.3749
		4960    -0.0682    -0.4361    -0.8973     1.3708
		5120    -0.0620    -0.4364    -0.8976     1.3708
		5280    -0.0530    -0.4363    -0.8982     1.3691
		5440    -0.0432    -0.4374    -0.8982     1.3658
		5600    -0.0338    -0.4379    -0.8984     1.3645
		5760    -0.0268    -0.4336    -0.9007     1.3613
		5920    -0.0231    -0.4257    -0.9046     1.3535
		6080    -0.0239    -0.4170    -0.9086     1.3436
		6240    -0.0261    -0.4096    -0.9119     1.3357
		6400    -0.0280    -0.4053    -0.9138     1.3327
		6560    -0.0350    -0.4054    -0.9135     1.3332

#OBJECT 20
	*NodeName swat:RightForeArm
	*ANIMATION 0 42 0
		0     0.0000    -0.0000    -1.0000     1.6944
		160     0.0000    -0.0000    -1.0000     1.6976
		320     0.0000    -0.0000    -1.0000     1.7020
		480     0.0000    -0.0000    -1.0000     1.7063
		640     0.0000    -0.0000    -1.0000     1.7105
		800     0.0000    -0.0000    -1.0000     1.7149
		960    -0.0000     0.0000    -1.0000     1.7200
		1120     0.0000    -0.0000    -1.0000     1.7261
		1280    -0.0000     0.0000    -1.0000     1.7319
		1440    -0.0000     0.0000    -1.0000     1.7361
		1600     0.0000    -0.0000    -1.0000     1.7408
		1760     0.0000    -0.0000    -1.0000     1.7469
		1920    -0.0000     0.0000    -1.0000     1.7522
		2080     0.0000    -0.0000    -1.0000     1.7551
		2240    -0.0000     0.0000    -1.0000     1.7543
		2400     0.0000    -0.0000    -1.0000     1.7560
		2560     0.0000    -0.0000    -1.0000     1.7692
		2720     0.0000    -0.0000    -1.0000     1.7744
		2880     0.0000     0.0000    -1.0000     1.7711
		3040     0.0000    -0.0000    -1.0000     1.7695
		3200     0.0000    -0.0000    -1.0000     1.7680
		3360     0.0000    -0.0000    -1.0000     1.7635
		3520     0.0000    -0.0000    -1.0000     1.7576
		3680     0.0000    -0.0000    -1.0000     1.7523
		3840     0.0000    -0.0000    -1.0000     1.7465
		4000     0.0000    -0.0000    -1.0000     1.7387
		4160     0.0000     0.0000    -1.0000     1.7309
		4320     0.0000    -0.0000    -1.0000     1.7312
		4480     0.0000    -0.0000    -1.0000     1.7283
		4640     0.0000    -0.0000    -1.0000     1.7255
		4800    -0.0000     0.0000    -1.0000     1.7258
		4960     0.0000    -0.0000    -1.0000     1.7258
		5120    -0.0000     0.0000    -1.0000     1.7241
		5280    -0.0000    -0.0000    -1.0000     1.7221
		5440     0.0000    -0.0000    -1.0000     1.7200
		5600     0.0000    -0.0000    -1.0000     1.7157
		5760    -0.0000     0.0000    -1.0000     1.7102
		5920     0.0000    -0.0000    -1.0000     1.7065
		6080     0.0000    -0.0000    -1.0000     1.7038
		6240     0.0000    -0.0000    -1.0000     1.7010
		6400     0.0000    -0.0000    -1.0000     1.6974
		6560     0.0000    -0.0000    -1.0000     1.6944

#OBJECT 21
	*NodeName swat:RightHand
	*ANIMATION 0 42 0
		0     0.6943     0.1675     0.6999     0.9786
		160     0.6985     0.1868     0.6908     0.9702
		320     0.7003     0.2048     0.6839     0.9653
		480     0.7017     0.2212     0.6772     0.9620
		640     0.7050     0.2363     0.6687     0.9619
		800     0.7093     0.2487     0.6595     0.9643
		960     0.7116     0.2541     0.6551     0.9670
		1120     0.7105     0.2523     0.6569     0.9677
		1280     0.7082     0.2478     0.6611     0.9644
		1440     0.7069     0.2415     0.6648     0.9574
		1600     0.7060     0.2352     0.6680     0.9529
		1760     0.7038     0.2281     0.6727     0.9555
		1920     0.7028     0.2235     0.6754     0.9656
		2080     0.7031     0.2170     0.6771     0.9771
		2240     0.7042     0.2088     0.6786     0.9865
		2400     0.7022     0.1991     0.6836     0.9930
		2560     0.6957     0.1878     0.6933     0.9978
		2720     0.6879     0.1718     0.7052     0.9975
		2880     0.6838     0.1558     0.7128     0.9958
		3040     0.6842     0.1471     0.7143     0.9950
		3200     0.6856     0.1440     0.7136     0.9944
		3360     0.6856     0.1427     0.7138     0.9907
		3520     0.6843     0.1431     0.7150     0.9834
		3680     0.6820     0.1452     0.7168     0.9736
		3840     0.6815     0.1492     0.7165     0.9619
		4000     0.6832     0.1535     0.7139     0.9554
		4160     0.6844     0.1567     0.7121     0.9516
		4320     0.6855     0.1613     0.7100     0.9504
		4480     0.6878     0.1628     0.7075     0.9466
		4640     0.6891     0.1594     0.7069     0.9458
		4800     0.6892     0.1532     0.7082     0.9528
		4960     0.6895     0.1450     0.7096     0.9617
		5120     0.6881     0.1346     0.7130     0.9690
		5280     0.6858     0.1256     0.7168     0.9758
		5440     0.6835     0.1203     0.7200     0.9802
		5600     0.6825     0.1175     0.7214     0.9819
		5760     0.6836     0.1176     0.7203     0.9827
		5920     0.6859     0.1217     0.7174     0.9860
		6080     0.6922     0.1337     0.7093     0.9900
		6240     0.6977     0.1479     0.7010     0.9906
		6400     0.6980     0.1586     0.6983     0.9854
		6560     0.6943     0.1675     0.6999     0.9786

#OBJECT 22
	*NodeName swat:RightInHandThumb
	*ANIMATION 0 0 0

#OBJECT 23
	*NodeName swat:RightHandThumb1
	*ANIMATION 0 0 0

#OBJECT 24
	*NodeName swat:RightHandThumb2_End
	*ANIMATION 0 0 0

#OBJECT 25
	*NodeName swat:RightHandIndex1
	*ANIMATION 0 0 0

#OBJECT 26
	*NodeName swat:RightHandIndex2
	*ANIMATION 0 0 0

#OBJECT 27
	*NodeName swat:RightHandIndex3_End
	*ANIMATION 0 0 0

#OBJECT 28
	*NodeName swat:LeftUpLeg
	*ANIMATION 0 42 0
		0     0.5556    -0.1630    -0.8153     0.6918
		160     0.6115    -0.1847    -0.7693     0.7210
		320     0.6418    -0.1937    -0.7420     0.7376
		480     0.6590    -0.2019    -0.7245     0.7424
		640     0.6649    -0.2090    -0.7171     0.7346
		800     0.6532    -0.2164    -0.7256     0.7090
		960     0.6278    -0.2280    -0.7442     0.6709
		1120     0.5974    -0.2345    -0.7669     0.6263
		1280     0.5644    -0.2244    -0.7944     0.5752
		1440     0.5418    -0.2069    -0.8147     0.5260
		1600     0.5444    -0.1989    -0.8149     0.4861
		1760     0.5581    -0.1973    -0.8060     0.4503
		1920     0.6318    -0.1759    -0.7549     0.4370
		2080     0.7015    -0.1410    -0.6986     0.4283
		2240     0.7506    -0.0827    -0.6556     0.4161
		2400     0.7807    -0.0097    -0.6248     0.4035
		2560     0.7846     0.0760    -0.6153     0.3883
		2720     0.7584     0.1756    -0.6277     0.3711
		2880     0.7047     0.2844    -0.6500     0.3551
		3040     0.6178     0.3990    -0.6776     0.3376
		3200     0.4986     0.5098    -0.7010     0.3202
		3360     0.3310     0.6172    -0.7138     0.3046
		3520     0.1128     0.7027    -0.7025     0.2999
		3680    -0.1092     0.7375    -0.6665     0.3149
		3840    -0.2862     0.7221    -0.6299     0.3424
		4000    -0.4008     0.6869    -0.6062     0.3725
		4160    -0.4828     0.6488    -0.5881     0.4019
		4320    -0.5382     0.6125    -0.5789     0.4280
		4480    -0.5738     0.5770    -0.5813     0.4520
		4640    -0.5616     0.5433    -0.6241     0.4587
		4800    -0.5072     0.4937    -0.7064     0.4495
		4960    -0.4353     0.4053    -0.8039     0.4384
		5120    -0.3484     0.2834    -0.8935     0.4362
		5280    -0.2729     0.1800    -0.9451     0.4544
		5440    -0.2210     0.1229    -0.9675     0.4815
		5600    -0.1703     0.0779    -0.9823     0.4938
		5760    -0.0388     0.0061    -0.9992     0.4848
		5920     0.1172    -0.0479    -0.9919     0.4886
		6080     0.2787    -0.0823    -0.9569     0.5182
		6240     0.4174    -0.1172    -0.9011     0.5699
		6400     0.5067    -0.1451    -0.8498     0.6316
		6560     0.5556    -0.1630    -0.8153     0.6918

#OBJECT 29
	*NodeName swat:LeftLeg
	*ANIMATION 0 42 0
		0    -0.9895     0.0531     0.1342     1.3650
		160    -0.9887     0.0520     0.1404     1.3020
		320    -0.9872     0.0493     0.1519     1.1920
		480    -0.9842     0.0480     0.1704     1.0551
		640    -0.9795     0.0485     0.1954     0.9120
		800    -0.9718     0.0467     0.2313     0.7653
		960    -0.9635     0.0290     0.2662     0.6263
		1120    -0.9625    -0.0131     0.2710     0.5099
		1280    -0.9684    -0.0619     0.2414     0.4283
		1440    -0.9750    -0.0813     0.2068     0.3958
		1600    -0.9856    -0.0714     0.1531     0.3917
		1760    -0.9946    -0.0580     0.0858     0.3778
		1920    -0.9985    -0.0476    -0.0286     0.4726
		2080    -0.9921    -0.0502    -0.1149     0.6101
		2240    -0.9880    -0.0458    -0.1473     0.7132
		2400    -0.9891    -0.0283    -0.1445     0.7862
		2560    -0.9904    -0.0099    -0.1381     0.8306
		2720    -0.9900    -0.0001    -0.1414     0.8492
		2880    -0.9884     0.0023    -0.1520     0.8530
		3040    -0.9864     0.0062    -0.1643     0.8358
		3200    -0.9844     0.0157    -0.1750     0.8006
		3360    -0.9817     0.0254    -0.1888     0.7492
		3520    -0.9787     0.0317    -0.2027     0.6812
		3680    -0.9780     0.0358    -0.2055     0.5985
		3840    -0.9822     0.0451    -0.1822     0.5117
		4000    -0.9864     0.0605    -0.1529     0.4422
		4160    -0.9862     0.0935    -0.1370     0.3789
		4320    -0.9819     0.1419    -0.1251     0.3311
		4480    -0.9765     0.1932    -0.0957     0.2953
		4640    -0.9818     0.1854    -0.0405     0.3279
		4800    -0.9905     0.1359     0.0209     0.4349
		4960    -0.9901     0.1062     0.0916     0.5624
		5120    -0.9832     0.0980     0.1537     0.6859
		5280    -0.9784     0.0937     0.1844     0.7800
		5440    -0.9790     0.0805     0.1872     0.8447
		5600    -0.9820     0.0596     0.1790     0.9006
		5760    -0.9837     0.0450     0.1738     0.9896
		5920    -0.9863     0.0389     0.1601     1.1033
		6080    -0.9889     0.0416     0.1428     1.2125
		6240    -0.9909     0.0472     0.1259     1.3098
		6400    -0.9915     0.0504     0.1198     1.3636
		6560    -0.9895     0.0531     0.1342     1.3650

#OBJECT 30
	*NodeName swat:LeftFoot
	*ANIMATION 0 42 0
		0    -0.5703    -0.8118    -0.1251     0.3440
		160    -0.4680    -0.8821     0.0533     0.2702
		320    -0.3438    -0.9070     0.2430     0.2117
		480    -0.1853    -0.8914     0.4135     0.1601
		640     0.1264    -0.8575     0.4988     0.1152
		800     0.6477    -0.6954     0.3113     0.0921
		960     0.9374    -0.3473    -0.0236     0.1097
		1120     0.9770    -0.1625    -0.1379     0.1476
		1280     0.9731    -0.1515    -0.1737     0.1902
		1440     0.8973    -0.3466    -0.2733     0.1859
		1600     0.5716    -0.5995    -0.5603     0.1241
		1760    -0.6617    -0.1194    -0.7402     0.1055
		1920    -0.6786    -0.0589    -0.7322     0.0945
		2080     0.5664    -0.1506    -0.8103     0.0686
		2240     0.9058    -0.1223    -0.4056     0.1373
		2400     0.9305    -0.1456    -0.3360     0.2114
		2560     0.9336    -0.1837    -0.3075     0.2740
		2720     0.9406    -0.2219    -0.2569     0.3215
		2880     0.9480    -0.2531    -0.1927     0.3606
		3040     0.9479    -0.2858    -0.1409     0.3916
		3200     0.9411    -0.3213    -0.1049     0.4159
		3360     0.9320    -0.3549    -0.0740     0.4324
		3520     0.9212    -0.3863    -0.0454     0.4403
		3680     0.8998    -0.4354    -0.0293     0.4395
		3840     0.8754    -0.4823    -0.0338     0.4137
		4000     0.8472    -0.5289    -0.0495     0.3736
		4160     0.8138    -0.5780    -0.0597     0.3250
		4320     0.7968    -0.6020    -0.0525     0.2820
		4480     0.7844    -0.6196    -0.0281     0.2334
		4640     0.8303    -0.5569     0.0215     0.2015
		4800     0.9120    -0.4010     0.0860     0.1922
		4960     0.9591    -0.2411     0.1486     0.1657
		5120     0.9729     0.0143     0.2310     0.1004
		5280    -0.1096     0.9501     0.2921     0.0547
		5440    -0.7725     0.6304     0.0767     0.1785
		5600    -0.8432     0.5351     0.0518     0.3304
		5760    -0.8640     0.5027     0.0300     0.4763
		5920    -0.8838     0.4679     0.0022     0.5070
		6080    -0.9419     0.3340    -0.0356     0.4003
		6240    -0.9959    -0.0275    -0.0867     0.2928
		6400    -0.8154    -0.5654    -0.1241     0.2738
		6560    -0.5703    -0.8118    -0.1251     0.3440

#OBJECT 31
	*NodeName swat:LeftToeBase
	*ANIMATION 0 42 0
		0     1.0000    -0.0000     0.0000     0.1857
		160     1.0000    -0.0000     0.0000     0.1810
		320     1.0000     0.0000    -0.0000     0.1800
		480     1.0000     0.0000     0.0000     0.1724
		640     1.0000    -0.0000     0.0000     0.1440
		800     1.0000     0.0000    -0.0000     0.0919
		960     1.0000    -0.0000    -0.0000     0.0355
		1120     1.0000    -0.0000    -0.0001     0.0016
		1280     1.0000     0.0000     0.0001     0.0018
		1440     1.0000     0.0000     0.0000     0.0275
		1600     1.0000     0.0000     0.0000     0.0588
		1760     1.0000    -0.0000    -0.0000     0.0761
		1920     1.0000     0.0000     0.0000     0.0751
		2080     1.0000    -0.0000     0.0000     0.0675
		2240     1.0000     0.0000    -0.0000     0.0665
		2400     1.0000    -0.0000     0.0000     0.0726
		2560     1.0000     0.0000    -0.0000     0.0781
		2720     1.0000    -0.0000     0.0000     0.0789
		2880     1.0000    -0.0000     0.0000     0.0760
		3040     1.0000     0.0000    -0.0000     0.0718
		3200     1.0000    -0.0000     0.0000     0.0678
		3360     1.0000    -0.0000    -0.0000     0.0649
		3520     1.0000    -0.0000    -0.0000     0.0615
		3680     1.0000     0.0000    -0.0000     0.0563
		3840     1.0000    -0.0000     0.0000     0.0550
		4000     1.0000     0.0000     0.0000     0.0691
		4160     0.9926     0.1212     0.0080     0.1083
		4320     1.0000     0.0000    -0.0000     0.1417
		4480     1.0000     0.0000     0.0000     0.1712
		4640     0.9976    -0.0690    -0.0075     0.1925
		4800     0.9952    -0.0968    -0.0111     0.2091
		4960     0.9938    -0.1100    -0.0140     0.2405
		5120     0.9942    -0.1059    -0.0162     0.2943
		5280     0.9939    -0.1088    -0.0198     0.3575
		5440     0.9804    -0.1938    -0.0363     0.4042
		5600     0.9037    -0.4240    -0.0603     0.4275
		5760     0.7785    -0.6258    -0.0482     0.3971
		5920     0.9305    -0.3652    -0.0274     0.1798
		6080     1.0000     0.0000     0.0000     0.1461
		6240     1.0000    -0.0000     0.0000     0.1856
		6400     1.0000     0.0000    -0.0000     0.2032
		6560     1.0000    -0.0000     0.0000     0.1857

#OBJECT 32
	*NodeName swat:LeftFootToeBase_End
	*ANIMATION 0 0 0

#OBJECT 33
	*NodeName swat:RightUpLeg
	*ANIMATION 0 42 0
		0     0.9705    -0.2408     0.0104     0.4096
		160     0.9781    -0.2046     0.0373     0.3597
		320     0.9869    -0.1466     0.0680     0.3115
		480     0.9920    -0.0727     0.1031     0.2639
		640     0.9901     0.0316     0.1371     0.2191
		800     0.9667     0.1824     0.1796     0.1765
		960     0.8747     0.4062     0.2644     0.1389
		1120     0.6012     0.7030     0.3799     0.1213
		1280     0.1983     0.8898     0.4110     0.1390
		1440    -0.0813     0.9242     0.3730     0.1818
		1600    -0.2073     0.9181     0.3380     0.2312
		1760    -0.2170     0.9238     0.3156     0.2779
		1920    -0.1491     0.9433     0.2965     0.3187
		2080    -0.0360     0.9694     0.2430     0.3537
		2240     0.1178     0.9852     0.1248     0.3747
		2400     0.3108     0.9481    -0.0670     0.3842
		2560     0.5023     0.8150    -0.2890     0.4052
		2720     0.6330     0.6295    -0.4507     0.4448
		2880     0.7103     0.4661    -0.5274     0.5017
		3040     0.7476     0.3643    -0.5553     0.5315
		3200     0.7863     0.2759    -0.5528     0.5422
		3360     0.8254     0.1964    -0.5293     0.5435
		3520     0.8606     0.1330    -0.4916     0.5367
		3680     0.8926     0.0838    -0.4430     0.5237
		3840     0.9236     0.0395    -0.3814     0.5072
		4000     0.9528    -0.0086    -0.3034     0.4922
		4160     0.9713    -0.0600    -0.2303     0.4821
		4320     0.9737    -0.0963    -0.2064     0.4739
		4480     0.9708    -0.0975    -0.2194     0.4955
		4640     0.9687    -0.1156    -0.2198     0.5226
		4800     0.9683    -0.1646    -0.1877     0.5307
		4960     0.9649    -0.2262    -0.1337     0.5304
		5120     0.9564    -0.2793    -0.0853     0.5277
		5280     0.9505    -0.3067    -0.0493     0.5419
		5440     0.9444    -0.3282    -0.0203     0.5557
		5600     0.9417    -0.3363    -0.0005     0.5656
		5760     0.9370    -0.3494     0.0008     0.5623
		5920     0.9364    -0.3508    -0.0126     0.5493
		6080     0.9437    -0.3298    -0.0264     0.5290
		6240     0.9534    -0.3003    -0.0281     0.4962
		6400     0.9623    -0.2716    -0.0145     0.4551
		6560     0.9705    -0.2408     0.0104     0.4096

#OBJECT 34
	*NodeName swat:RightLeg
	*ANIMATION 0 42 0
		0    -0.9749     0.2226     0.0072     0.8997
		160    -0.9755     0.2200    -0.0007     0.8991
		320    -0.9760     0.2174    -0.0106     0.8922
		480    -0.9761     0.2166    -0.0187     0.8773
		640    -0.9759     0.2164    -0.0274     0.8576
		800    -0.9755     0.2160    -0.0413     0.8333
		960    -0.9746     0.2149    -0.0627     0.8041
		1120    -0.9728     0.2131    -0.0904     0.7730
		1280    -0.9704     0.2069    -0.1246     0.7411
		1440    -0.9668     0.1931    -0.1675     0.7053
		1600    -0.9617     0.1793    -0.2073     0.6723
		1760    -0.9604     0.1722    -0.2192     0.6617
		1920    -0.9656     0.1613    -0.2041     0.6973
		2080    -0.9717     0.1392    -0.1908     0.7803
		2240    -0.9776     0.1141    -0.1771     0.8956
		2400    -0.9846     0.1053    -0.1393     1.0399
		2560    -0.9887     0.1059    -0.1061     1.2023
		2720    -0.9904     0.1149    -0.0767     1.3513
		2880    -0.9893     0.1419    -0.0345     1.4568
		3040    -0.9860     0.1668    -0.0025     1.5146
		3200    -0.9843     0.1760     0.0085     1.5313
		3360    -0.9843     0.1765     0.0090     1.5003
		3520    -0.9838     0.1788     0.0113     1.4196
		3680    -0.9812     0.1917     0.0245     1.2980
		3840    -0.9753     0.2155     0.0486     1.1374
		4000    -0.9657     0.2463     0.0827     0.9609
		4160    -0.9514     0.2793     0.1296     0.7782
		4320    -0.9319     0.2933     0.2136     0.5827
		4480    -0.9239     0.2619     0.2791     0.5024
		4640    -0.9107     0.2576     0.3230     0.4666
		4800    -0.8931     0.3063     0.3295     0.4332
		4960    -0.8600     0.3747     0.3464     0.4081
		5120    -0.8262     0.4274     0.3669     0.3810
		5280    -0.8796     0.3998     0.2579     0.4193
		5440    -0.9254     0.3537     0.1363     0.4909
		5600    -0.9463     0.3126     0.0828     0.5845
		5760    -0.9577     0.2790     0.0705     0.6757
		5920    -0.9642     0.2567     0.0669     0.7502
		6080    -0.9682     0.2433     0.0582     0.8131
		6240    -0.9711     0.2349     0.0425     0.8580
		6400    -0.9734     0.2278     0.0239     0.8857
		6560    -0.9749     0.2226     0.0072     0.8997

#OBJECT 35
	*NodeName swat:RightFoot
	*ANIMATION 0 42 0
		0     0.9944    -0.1056     0.0029     0.2951
		160     0.9953    -0.0963    -0.0004     0.3352
		320     0.9919    -0.1266    -0.0033     0.3609
		480     0.9866    -0.1629    -0.0064     0.3779
		640     0.9813    -0.1921    -0.0089     0.3880
		800     0.9769    -0.2133    -0.0113     0.3929
		960     0.9710    -0.2384    -0.0160     0.3933
		1120     0.9637    -0.2660    -0.0219     0.3937
		1280     0.9589    -0.2829    -0.0215     0.3997
		1440     0.9560    -0.2929    -0.0152     0.4044
		1600     0.9528    -0.3020    -0.0306     0.4019
		1760     0.9425    -0.3160    -0.1089     0.3925
		1920     0.9067    -0.3415    -0.2475     0.3615
		2080     0.8543    -0.3688    -0.3662     0.3049
		2240     0.7293    -0.5087    -0.4576     0.1743
		2400    -0.6976    -0.6924    -0.1843     0.0975
		2560    -0.9802    -0.1593     0.1177     0.1947
		2720    -0.9894    -0.0428     0.1389     0.1990
		2880    -0.9725    -0.2147     0.0904     0.2026
		3040    -0.9091    -0.4103     0.0724     0.2140
		3200    -0.7757    -0.6219     0.1074     0.1923
		3360    -0.5290    -0.8406     0.1166     0.1793
		3520    -0.2410    -0.9652     0.1013     0.1967
		3680    -0.0069    -0.9960     0.0887     0.2346
		3840     0.1397    -0.9863     0.0877     0.2633
		4000     0.2794    -0.9567     0.0820     0.2899
		4160     0.4031    -0.9113     0.0841     0.3470
		4320     0.4806    -0.8701     0.1089     0.4305
		4480     0.6088    -0.7844     0.1183     0.5765
		4640     0.6828    -0.7163     0.1443     0.5882
		4800     0.7315    -0.6482     0.2115     0.4159
		4960     0.7649    -0.5548     0.3273     0.2094
		5120    -0.0961    -0.2752     0.9566     0.0473
		5280    -0.8107     0.4391     0.3872     0.0887
		5440    -0.6401     0.7317     0.2342     0.1233
		5600    -0.6984     0.6844     0.2096     0.1077
		5760    -0.0948     0.9568     0.2749     0.0589
		5920     0.8574     0.4874     0.1655     0.0771
		6080     0.9811     0.1788     0.0734     0.1363
		6240     0.9993     0.0172     0.0344     0.1941
		6400     0.9984    -0.0541     0.0130     0.2470
		6560     0.9944    -0.1056     0.0029     0.2951

#OBJECT 36
	*NodeName swat:RightToeBase
	*ANIMATION 0 42 0
		0     1.0000     0.0000    -0.0000     0.1978
		160     1.0000     0.0000     0.0000     0.1963
		320     1.0000    -0.0000    -0.0000     0.1959
		480     1.0000     0.0000     0.0000     0.1979
		640     1.0000    -0.0000    -0.0000     0.2022
		800     1.0000    -0.0000    -0.0000     0.2078
		960     1.0000     0.0000     0.0000     0.2146
		1120     1.0000    -0.0000    -0.0000     0.2219
		1280     1.0000     0.0000     0.0000     0.2270
		1440     1.0000     0.0000     0.0000     0.2248
		1600     1.0000    -0.0000    -0.0000     0.2136
		1760     1.0000     0.0000     0.0000     0.2083
		1920     1.0000     0.0000     0.0000     0.2353
		2080     1.0000    -0.0000     0.0000     0.2929
		2240     0.9699    -0.2401    -0.0397     0.3716
		2400     0.8751    -0.4802    -0.0601     0.4158
		2560     0.9813    -0.1913    -0.0226     0.2406
		2720     1.0000    -0.0000    -0.0000     0.1830
		2880     1.0000     0.0000    -0.0000     0.1912
		3040     1.0000     0.0000    -0.0000     0.2013
		3200     1.0000    -0.0000    -0.0000     0.1956
		3360     1.0000    -0.0000     0.0000     0.1854
		3520     1.0000    -0.0000    -0.0000     0.1775
		3680     1.0000    -0.0000    -0.0000     0.1715
		3840     1.0000    -0.0000     0.0000     0.1686
		4000     1.0000     0.0000     0.0000     0.1632
		4160     1.0000    -0.0000    -0.0000     0.1435
		4320     1.0000    -0.0000     0.0000     0.1082
		4480     1.0000     0.0000     0.0000     0.0772
		4640     1.0000    -0.0000    -0.0000     0.0756
		4800     1.0000    -0.0000    -0.0000     0.1047
		4960     1.0000     0.0000    -0.0000     0.1380
		5120     1.0000    -0.0000    -0.0000     0.1524
		5280     1.0000    -0.0000     0.0000     0.1523
		5440     1.0000     0.0000     0.0000     0.1541
		5600     1.0000    -0.0000     0.0000     0.1620
		5760     1.0000    -0.0000     0.0000     0.1702
		5920     1.0000     0.0000    -0.0000     0.1764
		6080     1.0000    -0.0000     0.0000     0.1826
		6240     1.0000    -0.0000    -0.0000     0.1894
		6400     1.0000     0.0000    -0.0000     0.1949
		6560     1.0000     0.0000    -0.0000     0.1978

#OBJECT 37
	*NodeName swat:RightFootToeBase_End
	*ANIMATION 0 0 0