#PSB_CHARACTER_TOOL_ANIMATION_DATA
#SCENE 0 43 30 160 38

#OBJECT 0
	*NodeName swat:Hips
	*ANIMATION 0 43 0
		0    -0.7510     0.4943     0.4377     1.6256
		160    -0.7511     0.4931     0.4390     1.6300
		320    -0.7511     0.4929     0.4392     1.6352
		480    -0.7501     0.4940     0.4396     1.6426
		640    -0.7479     0.4955     0.4418     1.6515
		800    -0.7450     0.4975     0.4444     1.6607
		960    -0.7420     0.5001     0.4466     1.6707
		1120    -0.7392     0.5026     0.4484     1.6811
		1280    -0.7356     0.5059     0.4505     1.6920
		1440    -0.7297     0.5110     0.4543     1.7026
		1600    -0.7216     0.5174     0.4600     1.7106
		1760    -0.7127     0.5233     0.4671     1.7172
		1920    -0.7059     0.5268     0.4735     1.7212
		2080    -0.7029     0.5274     0.4772     1.7123
		2240    -0.7027     0.5260     0.4792     1.6930
		2400    -0.7010     0.5258     0.4818     1.6769
		2560    -0.6952     0.5274     0.4884     1.6690
		2720    -0.6901     0.5293     0.4935     1.6700
		2880    -0.6882     0.5316     0.4938     1.6754
		3040    -0.6893     0.5334     0.4902     1.6819
		3200    -0.6914     0.5344     0.4862     1.6883
		3360    -0.6929     0.5345     0.4840     1.6923
		3520    -0.6944     0.5333     0.4830     1.6942
		3680    -0.6952     0.5311     0.4844     1.6981
		3840    -0.6945     0.5284     0.4884     1.7053
		4000    -0.6941     0.5244     0.4932     1.7123
		4160    -0.6946     0.5200     0.4971     1.7147
		4320    -0.6962     0.5153     0.4997     1.7136
		4480    -0.6996     0.5093     0.5011     1.7097
		4640    -0.7054     0.5017     0.5007     1.7018
		4800    -0.7135     0.4930     0.4979     1.6901
		4960    -0.7235     0.4827     0.4935     1.6761
		5120    -0.7336     0.4740     0.4870     1.6595
		5280    -0.7398     0.4747     0.4769     1.6447
		5440    -0.7415     0.4847     0.4640     1.6369
		5600    -0.7446     0.4919     0.4513     1.6314
		5760    -0.7507     0.4958     0.4366     1.6267
		5920    -0.7576     0.4986     0.4211     1.6207
		6080    -0.7647     0.4940     0.4137     1.6146
		6240    -0.7669     0.4895     0.4150     1.6135
		6400    -0.7623     0.4916     0.4210     1.6147
		6560    -0.7556     0.4952     0.4288     1.6167
		6720    -0.7518     0.4957     0.4349     1.6210

#OBJECT 1
	*NodeName swat:Spine
	*ANIMATION 0 43 0
		0    -0.9027    -0.0785    -0.4231     0.4177
		160    -0.9006    -0.0817    -0.4270     0.4190
		320    -0.8968    -0.0922    -0.4327     0.4202
		480    -0.8901    -0.1064    -0.4432     0.4198
		640    -0.8809    -0.1168    -0.4587     0.4161
		800    -0.8687    -0.1243    -0.4795     0.4111
		960    -0.8525    -0.1348    -0.5050     0.4047
		1120    -0.8345    -0.1494    -0.5303     0.3968
		1280    -0.8151    -0.1623    -0.5561     0.3915
		1440    -0.7965    -0.1636    -0.5821     0.3923
		1600    -0.7827    -0.1534    -0.6032     0.3958
		1760    -0.7689    -0.1355    -0.6248     0.3951
		1920    -0.7573    -0.1127    -0.6433     0.3892
		2080    -0.7669    -0.0771    -0.6371     0.3866
		2240    -0.7822    -0.0391    -0.6218     0.3897
		2400    -0.7978    -0.0034    -0.6029     0.3954
		2560    -0.8115     0.0234    -0.5839     0.4021
		2720    -0.8224     0.0354    -0.5678     0.4076
		2880    -0.8311     0.0265    -0.5554     0.4111
		3040    -0.8387     0.0013    -0.5446     0.4138
		3200    -0.8449    -0.0280    -0.5342     0.4167
		3360    -0.8506    -0.0496    -0.5235     0.4205
		3520    -0.8555    -0.0552    -0.5148     0.4247
		3680    -0.8569    -0.0566    -0.5124     0.4251
		3840    -0.8523    -0.0542    -0.5202     0.4210
		4000    -0.8447    -0.0492    -0.5330     0.4135
		4160    -0.8379    -0.0406    -0.5444     0.4058
		4320    -0.8300    -0.0264    -0.5571     0.3978
		4480    -0.8237    -0.0096    -0.5670     0.3870
		4640    -0.8238     0.0084    -0.5668     0.3735
		4800    -0.8313     0.0311    -0.5549     0.3595
		4960    -0.8433     0.0612    -0.5340     0.3453
		5120    -0.8554     0.0939    -0.5093     0.3356
		5280    -0.8682     0.0836    -0.4892     0.3390
		5440    -0.8810     0.0222    -0.4726     0.3508
		5600    -0.8916    -0.0133    -0.4527     0.3547
		5760    -0.9008    -0.0367    -0.4326     0.3565
		5920    -0.9115    -0.0771    -0.4041     0.3672
		6080    -0.9205    -0.0908    -0.3801     0.3735
		6240    -0.9195    -0.0875    -0.3832     0.3781
		6400    -0.9128    -0.0847    -0.3995     0.3924
		6560    -0.9078    -0.0820    -0.4112     0.4086
		6720    -0.9049    -0.0791    -0.4182     0.4156

#OBJECT 2
	*NodeName swat:Spine1
	*ANIMATION 0 43 0
		0    -0.2098     0.9767    -0.0444     0.1333
		160    -0.2136     0.9758    -0.0462     0.1334
		320    -0.2124     0.9760    -0.0487     0.1334
		480    -0.2155     0.9751    -0.0528     0.1327
		640    -0.2259     0.9724    -0.0581     0.1322
		800    -0.2389     0.9689    -0.0651     0.1330
		960    -0.2544     0.9643    -0.0732     0.1340
		1120    -0.2652     0.9609    -0.0798     0.1340
		1280    -0.2634     0.9608    -0.0869     0.1340
		1440    -0.2523     0.9628    -0.0968     0.1344
		1600    -0.2417     0.9644    -0.1068     0.1346
		1760    -0.2374     0.9646    -0.1151     0.1348
		1920    -0.2323     0.9654    -0.1189     0.1340
		2080    -0.2241     0.9677    -0.1154     0.1319
		2240    -0.2207     0.9690    -0.1112     0.1309
		2400    -0.2193     0.9698    -0.1067     0.1304
		2560    -0.2186     0.9704    -0.1024     0.1299
		2720    -0.2175     0.9710    -0.0987     0.1290
		2880    -0.2151     0.9719    -0.0957     0.1275
		3040    -0.2122     0.9728    -0.0932     0.1257
		3200    -0.2106     0.9733    -0.0912     0.1238
		3360    -0.2121     0.9731    -0.0896     0.1216
		3520    -0.2218     0.9710    -0.0893     0.1193
		3680    -0.2292     0.9693    -0.0893     0.1179
		3840    -0.2369     0.9672    -0.0913     0.1175
		4000    -0.2476     0.9644    -0.0933     0.1180
		4160    -0.2574     0.9617    -0.0942     0.1186
		4320    -0.2655     0.9595    -0.0947     0.1197
		4480    -0.2748     0.9571    -0.0923     0.1203
		4640    -0.2821     0.9557    -0.0841     0.1197
		4800    -0.2818     0.9569    -0.0706     0.1186
		4960    -0.2768     0.9594    -0.0535     0.1174
		5120    -0.2667     0.9630    -0.0378     0.1162
		5280    -0.2461     0.9688    -0.0306     0.1169
		5440    -0.2281     0.9732    -0.0287     0.1194
		5600    -0.2257     0.9740    -0.0218     0.1188
		5760    -0.2119     0.9772    -0.0133     0.1169
		5920    -0.1895     0.9819    -0.0072     0.1194
		6080    -0.1898     0.9818    -0.0034     0.1231
		6240    -0.2004     0.9797    -0.0095     0.1258
		6400    -0.2021     0.9791    -0.0234     0.1289
		6560    -0.1997     0.9792    -0.0355     0.1317
		6720    -0.2034     0.9782    -0.0416     0.1330

#OBJECT 3
	*NodeName swat:Spine2
	*ANIMATION 0 43 0
		0    -0.9186     0.2108     0.3342     0.2073
		160    -0.9193     0.2104     0.3325     0.2078
		320    -0.9197     0.2105     0.3314     0.2075
		480    -0.9215     0.2070     0.3287     0.2075
		640    -0.9242     0.2023     0.3241     0.2083
		800    -0.9264     0.2026     0.3174     0.2100
		960    -0.9290     0.2028     0.3097     0.2120
		1120    -0.9314     0.2001     0.3040     0.2130
		1280    -0.9327     0.2003     0.3001     0.2126
		1440    -0.9330     0.2052     0.2956     0.2111
		1600    -0.9336     0.2091     0.2910     0.2096
		1760    -0.9346     0.2109     0.2864     0.2089
		1920    -0.9352     0.2096     0.2853     0.2078
		2080    -0.9345     0.2060     0.2903     0.2062
		2240    -0.9345     0.2012     0.2935     0.2054
		2400    -0.9349     0.1957     0.2961     0.2050
		2560    -0.9353     0.1899     0.2984     0.2047
		2720    -0.9357     0.1841     0.3010     0.2042
		2880    -0.9357     0.1790     0.3041     0.2035
		3040    -0.9355     0.1740     0.3074     0.2027
		3200    -0.9357     0.1679     0.3104     0.2021
		3360    -0.9366     0.1596     0.3119     0.2016
		3520    -0.9386     0.1470     0.3121     0.2019
		3680    -0.9400     0.1388     0.3116     0.2022
		3840    -0.9412     0.1357     0.3095     0.2028
		4000    -0.9422     0.1353     0.3065     0.2041
		4160    -0.9428     0.1361     0.3042     0.2053
		4320    -0.9431     0.1391     0.3020     0.2066
		4480    -0.9432     0.1394     0.3014     0.2079
		4640    -0.9428     0.1350     0.3048     0.2087
		4800    -0.9410     0.1299     0.3124     0.2086
		4960    -0.9383     0.1253     0.3223     0.2081
		5120    -0.9353     0.1221     0.3321     0.2070
		5280    -0.9318     0.1291     0.3391     0.2054
		5440    -0.9283     0.1439     0.3429     0.2045
		5600    -0.9270     0.1413     0.3473     0.2043
		5760    -0.9253     0.1348     0.3545     0.2025
		5920    -0.9202     0.1504     0.3614     0.2012
		6080    -0.9167     0.1672     0.3628     0.2026
		6240    -0.9170     0.1777     0.3571     0.2045
		6400    -0.9174     0.1919     0.3486     0.2054
		6560    -0.9171     0.2056     0.3414     0.2058
		6720    -0.9176     0.2108     0.3370     0.2065

#OBJECT 4
	*NodeName swat:Neck
	*ANIMATION 0 43 0
		0    -0.0533    -0.1192    -0.9914     0.1313
		160    -0.0449    -0.1116    -0.9927     0.1311
		320    -0.0396    -0.1056    -0.9936     0.1310
		480    -0.0391    -0.0898    -0.9952     0.1315
		640    -0.0407    -0.0768    -0.9962     0.1322
		800    -0.0351    -0.0896    -0.9954     0.1320
		960    -0.0247    -0.1008    -0.9946     0.1315
		1120    -0.0253    -0.0862    -0.9960     0.1322
		1280    -0.0314    -0.0752    -0.9967     0.1325
		1440    -0.0218    -0.0795    -0.9966     0.1322
		1600    -0.0153    -0.0732    -0.9972     0.1330
		1760    -0.0160    -0.0633    -0.9979     0.1343
		1920    -0.0192    -0.0559    -0.9983     0.1353
		2080    -0.0221    -0.0496    -0.9985     0.1362
		2240    -0.0216    -0.0479    -0.9986     0.1361
		2400    -0.0214    -0.0507    -0.9985     0.1353
		2560    -0.0241    -0.0410    -0.9989     0.1360
		2720    -0.0257    -0.0245    -0.9994     0.1380
		2880    -0.0225    -0.0165    -0.9996     0.1390
		3040    -0.0164     0.0009    -0.9999     0.1401
		3200    -0.0091     0.0214    -0.9997     0.1414
		3360    -0.0009     0.0392    -0.9992     0.1429
		3520     0.0067     0.0500    -0.9987     0.1442
		3680     0.0014     0.0630    -0.9980     0.1453
		3840    -0.0123     0.0722    -0.9973     0.1462
		4000    -0.0246     0.0766    -0.9968     0.1467
		4160    -0.0300     0.0715    -0.9970     0.1463
		4320    -0.0268     0.0396    -0.9989     0.1434
		4480    -0.0208     0.0184    -0.9996     0.1413
		4640    -0.0239     0.0216    -0.9995     0.1411
		4800    -0.0327     0.0161    -0.9993     0.1408
		4960    -0.0406     0.0007    -0.9992     0.1399
		5120    -0.0489    -0.0134    -0.9987     0.1388
		5280    -0.0552    -0.0213    -0.9982     0.1378
		5440    -0.0714    -0.0224    -0.9972     0.1382
		5600    -0.1007    -0.0292    -0.9945     0.1391
		5760    -0.1187    -0.0579    -0.9912     0.1381
		5920    -0.1092    -0.1190    -0.9869     0.1345
		6080    -0.0915    -0.1645    -0.9821     0.1314
		6240    -0.0802    -0.1714    -0.9819     0.1294
		6400    -0.0749    -0.1630    -0.9838     0.1291
		6560    -0.0747    -0.1445    -0.9867     0.1303
		6720    -0.0656    -0.1281    -0.9896     0.1312

#OBJECT 5
	*NodeName swat:Neck1
	*ANIMATION 0 43 0
		0    -0.0563    -0.0529    -0.9970     0.1313
		160    -0.0479    -0.0453    -0.9978     0.1312
		320    -0.0426    -0.0393    -0.9983     0.1312
		480    -0.0421    -0.0237    -0.9988     0.1317
		640    -0.0436    -0.0112    -0.9990     0.1326
		800    -0.0381    -0.0240    -0.9990     0.1322
		960    -0.0277    -0.0351    -0.9990     0.1317
		1120    -0.0282    -0.0211    -0.9994     0.1324
		1280    -0.0344    -0.0103    -0.9994     0.1328
		1440    -0.0248    -0.0144    -0.9996     0.1324
		1600    -0.0183    -0.0085    -0.9998     0.1333
		1760    -0.0190     0.0006    -0.9998     0.1347
		1920    -0.0221     0.0076    -0.9997     0.1359
		2080    -0.0248     0.0136    -0.9996     0.1369
		2240    -0.0242     0.0155    -0.9996     0.1369
		2400    -0.0240     0.0133    -0.9996     0.1360
		2560    -0.0267     0.0226    -0.9994     0.1368
		2720    -0.0281     0.0381    -0.9989     0.1391
		2880    -0.0249     0.0456    -0.9986     0.1401
		3040    -0.0220     0.0656    -0.9976     0.1411
		3200    -0.0156     0.0872    -0.9961     0.1428
		3360    -0.0034     0.0990    -0.9951     0.1446
		3520     0.0042     0.1091    -0.9940     0.1460
		3680    -0.0010     0.1214    -0.9926     0.1473
		3840    -0.0144     0.1299    -0.9914     0.1483
		4000    -0.0266     0.1339    -0.9906     0.1488
		4160    -0.0318     0.1289    -0.9911     0.1483
		4320    -0.0287     0.0988    -0.9947     0.1452
		4480    -0.0229     0.0788    -0.9966     0.1429
		4640    -0.0258     0.0820    -0.9963     0.1428
		4800    -0.0345     0.0768    -0.9965     0.1425
		4960    -0.0423     0.0621    -0.9972     0.1415
		5120    -0.0506     0.0488    -0.9975     0.1403
		5280    -0.0570     0.0415    -0.9975     0.1393
		5440    -0.0732     0.0402    -0.9965     0.1395
		5600    -0.1022     0.0330    -0.9942     0.1404
		5760    -0.1203     0.0052    -0.9927     0.1392
		5920    -0.1116    -0.0540    -0.9923     0.1349
		6080    -0.0945    -0.0982    -0.9907     0.1312
		6240    -0.0834    -0.1042    -0.9911     0.1292
		6400    -0.0780    -0.0956    -0.9924     0.1288
		6560    -0.0778    -0.0778    -0.9939     0.1301
		6720    -0.0686    -0.0619    -0.9957     0.1312

#OBJECT 6
	*NodeName swat:Head
	*ANIMATION 0 43 0
		0     0.3069    -0.5150    -0.8004     0.3236
		160     0.3108    -0.5169    -0.7976     0.3229
		320     0.3084    -0.5167    -0.7987     0.3213
		480     0.3020    -0.5209    -0.7984     0.3201
		640     0.2942    -0.5275    -0.7970     0.3205
		800     0.2839    -0.5295    -0.7994     0.3206
		960     0.2730    -0.5327    -0.8011     0.3200
		1120     0.2677    -0.5401    -0.7979     0.3201
		1280     0.2656    -0.5416    -0.7976     0.3194
		1440     0.2564    -0.5399    -0.8017     0.3181
		1600     0.2527    -0.5448    -0.7996     0.3205
		1760     0.2468    -0.5544    -0.7948     0.3242
		1920     0.2373    -0.5634    -0.7914     0.3263
		2080     0.2431    -0.5694    -0.7853     0.3289
		2240     0.2565    -0.5727    -0.7786     0.3297
		2400     0.2584    -0.5730    -0.7778     0.3269
		2560     0.2565    -0.5704    -0.7803     0.3273
		2720     0.2593    -0.5626    -0.7850     0.3318
		2880     0.2633    -0.5538    -0.7899     0.3339
		3040     0.2780    -0.5593    -0.7810     0.3348
		3200     0.2952    -0.5668    -0.7692     0.3386
		3360     0.3082    -0.5690    -0.7624     0.3439
		3520     0.3177    -0.5697    -0.7579     0.3477
		3680     0.3208    -0.5709    -0.7558     0.3491
		3840     0.3176    -0.5699    -0.7579     0.3491
		4000     0.3123    -0.5690    -0.7607     0.3487
		4160     0.3071    -0.5702    -0.7620     0.3474
		4320     0.3052    -0.5611    -0.7694     0.3435
		4480     0.3108    -0.5538    -0.7725     0.3406
		4640     0.3226    -0.5562    -0.7659     0.3407
		4800     0.3328    -0.5558    -0.7618     0.3416
		4960     0.3388    -0.5530    -0.7612     0.3414
		5120     0.3384    -0.5575    -0.7581     0.3396
		5280     0.3311    -0.5611    -0.7586     0.3366
		5440     0.3273    -0.5505    -0.7680     0.3367
		5600     0.3180    -0.5467    -0.7746     0.3386
		5760     0.2994    -0.5551    -0.7760     0.3368
		5920     0.2956    -0.5439    -0.7854     0.3326
		6080     0.3167    -0.5314    -0.7857     0.3292
		6240     0.3339    -0.5285    -0.7805     0.3250
		6400     0.3339    -0.5224    -0.7846     0.3228
		6560     0.3239    -0.5167    -0.7925     0.3243
		6720     0.3089    -0.5139    -0.8003     0.3245

#OBJECT 7
	*NodeName swat:HeadTop_End
	*ANIMATION 0 0 0

#OBJECT 8
	*NodeName swat:LeftShoulder
	*ANIMATION 0 43 0
		0     0.9906    -0.0813     0.1096     0.6628
		160     0.9904    -0.0800     0.1123     0.6632
		320     0.9902    -0.0831     0.1126     0.6635
		480     0.9900    -0.0867     0.1110     0.6636
		640     0.9900    -0.0901     0.1083     0.6637
		800     0.9895    -0.0999     0.1045     0.6640
		960     0.9890    -0.1076     0.1018     0.6643
		1120     0.9892    -0.1056     0.1013     0.6642
		1280     0.9894    -0.1042     0.1007     0.6641
		1440     0.9891    -0.1095     0.0989     0.6643
		1600     0.9887    -0.1150     0.0966     0.6645
		1760     0.9883    -0.1204     0.0931     0.6647
		1920     0.9884    -0.1223     0.0896     0.6646
		2080     0.9890    -0.1187     0.0878     0.6640
		2240     0.9897    -0.1111     0.0904     0.6635
		2400     0.9898    -0.1062     0.0945     0.6634
		2560     0.9899    -0.1064     0.0941     0.6634
		2720     0.9902    -0.1062     0.0907     0.6631
		2880     0.9906    -0.1051     0.0880     0.6627
		3040     0.9912    -0.0986     0.0879     0.6621
		3200     0.9917    -0.0932     0.0891     0.6618
		3360     0.9916    -0.0888     0.0936     0.6618
		3520     0.9915    -0.0831     0.1000     0.6619
		3680     0.9914    -0.0805     0.1030     0.6620
		3840     0.9914    -0.0812     0.1026     0.6620
		4000     0.9915    -0.0827     0.1009     0.6620
		4160     0.9915    -0.0835     0.0998     0.6621
		4320     0.9912    -0.0868     0.0995     0.6623
		4480     0.9911    -0.0880     0.1000     0.6624
		4640     0.9912    -0.0845     0.1016     0.6624
		4800     0.9912    -0.0824     0.1033     0.6625
		4960     0.9910    -0.0826     0.1053     0.6626
		5120     0.9907    -0.0819     0.1088     0.6628
		5280     0.9905    -0.0809     0.1111     0.6629
		5440     0.9907    -0.0826     0.1079     0.6627
		5600     0.9911    -0.0855     0.1017     0.6625
		5760     0.9913    -0.0900     0.0965     0.6624
		5920     0.9908    -0.0965     0.0947     0.6626
		6080     0.9906    -0.0941     0.0988     0.6627
		6240     0.9908    -0.0839     0.1060     0.6627
		6400     0.9907    -0.0807     0.1091     0.6628
		6560     0.9907    -0.0826     0.1078     0.6628
		6720     0.9908    -0.0829     0.1073     0.6627

#OBJECT 9
	*NodeName swat:LeftArm
	*ANIMATION 0 43 0
		0     0.5321     0.7784     0.3332     1.1949
		160     0.5343     0.7768     0.3333     1.1960
		320     0.5348     0.7770     0.3322     1.1978
		480     0.5344     0.7780     0.3304     1.2025
		640     0.5329     0.7794     0.3294     1.2053
		800     0.5289     0.7829     0.3276     1.2051
		960     0.5254     0.7864     0.3248     1.2054
		1120     0.5240     0.7881     0.3230     1.2062
		1280     0.5219     0.7903     0.3210     1.2056
		1440     0.5179     0.7942     0.3178     1.2028
		1600     0.5141     0.7984     0.3135     1.2016
		1760     0.5110     0.8024     0.3083     1.2036
		1920     0.5068     0.8075     0.3016     1.2035
		2080     0.5147     0.8010     0.3057     1.2073
		2240     0.5156     0.8025     0.3003     1.2058
		2400     0.5162     0.8040     0.2951     1.2023
		2560     0.5204     0.8050     0.2850     1.1970
		2720     0.5237     0.8052     0.2781     1.1971
		2880     0.5265     0.8050     0.2734     1.1954
		3040     0.5310     0.8035     0.2691     1.1934
		3200     0.5354     0.8025     0.2633     1.1931
		3360     0.5402     0.8017     0.2558     1.1927
		3520     0.5451     0.8007     0.2485     1.1932
		3680     0.5473     0.8007     0.2435     1.1947
		3840     0.5463     0.8020     0.2416     1.1952
		4000     0.5436     0.8037     0.2418     1.1960
		4160     0.5401     0.8054     0.2442     1.1950
		4320     0.5348     0.8077     0.2484     1.1894
		4480     0.5300     0.8092     0.2537     1.1858
		4640     0.5272     0.8092     0.2594     1.1868
		4800     0.5240     0.8093     0.2655     1.1882
		4960     0.5203     0.8096     0.2716     1.1890
		5120     0.5178     0.8092     0.2775     1.1905
		5280     0.5155     0.8082     0.2848     1.1923
		5440     0.5119     0.8070     0.2944     1.1964
		5600     0.5087     0.8055     0.3039     1.2042
		5760     0.5051     0.8035     0.3150     1.2041
		5920     0.5020     0.8012     0.3257     1.1955
		6080     0.5052     0.7968     0.3314     1.1914
		6240     0.5132     0.7910     0.3331     1.1926
		6400     0.5192     0.7869     0.3336     1.1938
		6560     0.5228     0.7841     0.3343     1.1940
		6720     0.5268     0.7816     0.3340     1.1944

#OBJECT 10
	*NodeName swat:LeftForeArm
	*ANIMATION 0 43 0
		0    -0.0000    -0.0000     1.0000     1.1915
		160     0.0000     0.0000     1.0000     1.1898
		320     0.0000    -0.0000     1.0000     1.1886
		480     0.0000     0.0000     1.0000     1.1869
		640    -0.0000    -0.0000     1.0000     1.1852
		800    -0.0000    -0.0000     1.0000     1.1840
		960    -0.0000     0.0000     1.0000     1.1836
		1120     0.0000     0.0000     1.0000     1.1835
		1280    -0.0000    -0.0000     1.0000     1.1838
		1440     0.0000     0.0000     1.0000     1.1846
		1600    -0.0000    -0.0000     1.0000     1.1856
		1760    -0.0000    -0.0000     1.0000     1.1879
		1920    -0.0000    -0.0000     1.0000     1.1932
		2080    -0.0000    -0.0000     1.0000     1.1735
		2240    -0.0000    -0.0000     1.0000     1.1954
		2400     0.0000     0.0000     1.0000     1.2170
		2560     0.0000     0.0000     1.0000     1.2360
		2720     0.0000     0.0000     1.0000     1.2484
		2880    -0.0000    -0.0000     1.0000     1.2568
		3040     0.0000     0.0000     1.0000     1.2633
		3200     0.0000     0.0000     1.0000     1.2678
		3360    -0.0000    -0.0000     1.0000     1.2713
		3520     0.0000     0.0000     1.0000     1.2732
		3680     0.0000     0.0000     1.0000     1.2717
		3840    -0.0000    -0.0000     1.0000     1.2672
		4000    -0.0000    -0.0000     1.0000     1.2610
		4160     0.0000     0.0000     1.0000     1.2541
		4320    -0.0000    -0.0000     1.0000     1.2476
		4480     0.0000    -0.0000     1.0000     1.2417
		4640     0.0000     0.0000     1.0000     1.2367
		4800    -0.0000    -0.0000     1.0000     1.2310
		4960     0.0000     0.0000     1.0000     1.2248
		5120     0.0000     0.0000     1.0000     1.2184
		5280    -0.0000    -0.0000     1.0000     1.2107
		5440    -0.0000    -0.0000     1.0000     1.2005
		5600     0.0000     0.0000     1.0000     1.1894
		5760    -0.0000    -0.0000     1.0000     1.1799
		5920     0.0000    -0.0000     1.0000     1.1743
		6080    -0.0000    -0.0000     1.0000     1.1734
		6240     0.0000    -0.0000     1.0000     1.1759
		6400    -0.0000    -0.0000     1.0000     1.1796
		6560    -0.0000    -0.0000     1.0000     1.1833
		6720     0.0000     0.0000     1.0000     1.1879

#OBJECT 11
	*NodeName swat:LeftHand
	*ANIMATION 0 43 0
		0     0.9256    -0.1590    -0.3436     1.9862
		160     0.9263    -0.1561    -0.3429     1.9875
		320     0.9273    -0.1532    -0.3416     1.9894
		480     0.9281    -0.1499    -0.3409     1.9886
		640     0.9291    -0.1466    -0.3396     1.9890
		800     0.9309    -0.1431    -0.3361     1.9938
		960     0.9322    -0.1400    -0.3337     1.9961
		1120     0.9324    -0.1376    -0.3341     1.9933
		1280     0.9328    -0.1355    -0.3340     1.9913
		1440     0.9339    -0.1336    -0.3316     1.9935
		1600     0.9348    -0.1322    -0.3297     1.9941
		1760     0.9351    -0.1317    -0.3290     1.9918
		1920     0.9352    -0.1322    -0.3284     1.9898
		2080     0.9357    -0.1258    -0.3297     1.9846
		2240     0.9331    -0.1337    -0.3338     1.9809
		2400     0.9309    -0.1419    -0.3366     1.9805
		2560     0.9289    -0.1471    -0.3399     1.9836
		2720     0.9273    -0.1509    -0.3427     1.9838
		2880     0.9263    -0.1536    -0.3440     1.9861
		3040     0.9252    -0.1554    -0.3463     1.9864
		3200     0.9241    -0.1562    -0.3488     1.9850
		3360     0.9232    -0.1563    -0.3511     1.9831
		3520     0.9222    -0.1557    -0.3539     1.9790
		3680     0.9220    -0.1542    -0.3551     1.9755
		3840     0.9228    -0.1520    -0.3540     1.9740
		4000     0.9239    -0.1496    -0.3523     1.9722
		4160     0.9251    -0.1473    -0.3500     1.9711
		4320     0.9270    -0.1454    -0.3456     1.9744
		4480     0.9283    -0.1442    -0.3426     1.9748
		4640     0.9284    -0.1439    -0.3425     1.9690
		4800     0.9286    -0.1437    -0.3422     1.9636
		4960     0.9290    -0.1436    -0.3411     1.9599
		5120     0.9291    -0.1439    -0.3408     1.9555
		5280     0.9292    -0.1442    -0.3404     1.9523
		5440     0.9297    -0.1443    -0.3389     1.9507
		5600     0.9300    -0.1444    -0.3380     1.9483
		5760     0.9311    -0.1450    -0.3348     1.9550
		5920     0.9327    -0.1463    -0.3298     1.9705
		6080     0.9321    -0.1488    -0.3303     1.9768
		6240     0.9297    -0.1519    -0.3356     1.9744
		6400     0.9280    -0.1546    -0.3390     1.9755
		6560     0.9272    -0.1567    -0.3403     1.9804
		6720     0.9262    -0.1583    -0.3422     1.9839

#OBJECT 12
	*NodeName swat:LeftInHandThumb
	*ANIMATION 0 43 0
		0    -0.5155     0.1505    -0.8436     0.3318
		160    -0.5158     0.1549    -0.8426     0.3320
		320    -0.5155     0.1549    -0.8428     0.3325
		480    -0.5148     0.1502    -0.8440     0.3330
		640    -0.5143     0.1462    -0.8451     0.3335
		800    -0.5141     0.1449    -0.8454     0.3339
		960    -0.5136     0.1418    -0.8462     0.3342
		1120    -0.5130     0.1365    -0.8475     0.3345
		1280    -0.5124     0.1328    -0.8484     0.3351
		1440    -0.5119     0.1300    -0.8492     0.3359
		1600    -0.5111     0.1251    -0.8503     0.3365
		1760    -0.5105     0.1211    -0.8513     0.3370
		1920    -0.5105     0.1252    -0.8507     0.3378
		2080    -0.5114     0.1341    -0.8488     0.3379
		2240    -0.5109     0.1269    -0.8503     0.3377
		2400    -0.5084     0.1050    -0.8547     0.3381
		2560    -0.5073     0.0968    -0.8563     0.3388
		2720    -0.5080     0.1009    -0.8554     0.3381
		2880    -0.5092     0.1052    -0.8542     0.3362
		3040    -0.5107     0.1120    -0.8525     0.3345
		3200    -0.5124     0.1265    -0.8494     0.3338
		3360    -0.5137     0.1418    -0.8462     0.3342
		3520    -0.5135     0.1447    -0.8458     0.3352
		3680    -0.5124     0.1352    -0.8480     0.3359
		3840    -0.5111     0.1244    -0.8505     0.3366
		4000    -0.5100     0.1157    -0.8523     0.3370
		4160    -0.5091     0.1074    -0.8540     0.3373
		4320    -0.5088     0.1032    -0.8547     0.3369
		4480    -0.5092     0.1052    -0.8542     0.3364
		4640    -0.5101     0.1142    -0.8525     0.3364
		4800    -0.5114     0.1238    -0.8504     0.3357
		4960    -0.5115     0.1259    -0.8500     0.3359
		5120    -0.5106     0.1257    -0.8506     0.3381
		5280    -0.5109     0.1304    -0.8497     0.3385
		5440    -0.5108     0.1256    -0.8505     0.3377
		5600    -0.5098     0.1140    -0.8527     0.3373
		5760    -0.5111     0.1206    -0.8510     0.3356
		5920    -0.5133     0.1388    -0.8469     0.3345
		6080    -0.5139     0.1444    -0.8456     0.3342
		6240    -0.5133     0.1343    -0.8477     0.3336
		6400    -0.5130     0.1281    -0.8488     0.3327
		6560    -0.5138     0.1343    -0.8473     0.3321
		6720    -0.5148     0.1438    -0.8451     0.3318

#OBJECT 13
	*NodeName swat:LeftHandThumb1
	*ANIMATION 0 43 0
		0    -0.8279    -0.4974     0.2591     0.3672
		160    -0.8277    -0.4977     0.2592     0.3673
		320    -0.8277    -0.4977     0.2592     0.3672
		480    -0.8282    -0.4970     0.2591     0.3669
		640    -0.8290    -0.4958     0.2589     0.3665
		800    -0.8291    -0.4955     0.2588     0.3663
		960    -0.8288    -0.4960     0.2589     0.3666
		1120    -0.8297    -0.4946     0.2587     0.3661
		1280    -0.8325    -0.4902     0.2580     0.3646
		1440    -0.8371    -0.4829     0.2568     0.3623
		1600    -0.8424    -0.4744     0.2554     0.3596
		1760    -0.8464    -0.4679     0.2544     0.3576
		1920    -0.8484    -0.4645     0.2538     0.3565
		2080    -0.8471    -0.4667     0.2542     0.3572
		2240    -0.8436    -0.4725     0.2551     0.3590
		2400    -0.8421    -0.4749     0.2555     0.3597
		2560    -0.8429    -0.4737     0.2553     0.3594
		2720    -0.8435    -0.4726     0.2551     0.3590
		2880    -0.8422    -0.4748     0.2555     0.3597
		3040    -0.8401    -0.4782     0.2560     0.3608
		3200    -0.8393    -0.4795     0.2562     0.3612
		3360    -0.8388    -0.4803     0.2564     0.3615
		3520    -0.8392    -0.4797     0.2563     0.3613
		3680    -0.8399    -0.4786     0.2561     0.3609
		3840    -0.8396    -0.4790     0.2562     0.3611
		4000    -0.8385    -0.4809     0.2565     0.3617
		4160    -0.8373    -0.4826     0.2567     0.3622
		4320    -0.8366    -0.4839     0.2569     0.3626
		4480    -0.8370    -0.4831     0.2568     0.3624
		4640    -0.8383    -0.4811     0.2565     0.3618
		4800    -0.8381    -0.4814     0.2565     0.3618
		4960    -0.8392    -0.4797     0.2563     0.3613
		5120    -0.8429    -0.4736     0.2553     0.3594
		5280    -0.8446    -0.4709     0.2548     0.3585
		5440    -0.8450    -0.4701     0.2547     0.3583
		5600    -0.8458    -0.4689     0.2545     0.3579
		5760    -0.8421    -0.4750     0.2555     0.3598
		5920    -0.8357    -0.4852     0.2572     0.3631
		6080    -0.8319    -0.4912     0.2581     0.3651
		6240    -0.8305    -0.4934     0.2585     0.3658
		6400    -0.8305    -0.4934     0.2585     0.3658
		6560    -0.8305    -0.4934     0.2585     0.3658
		6720    -0.8292    -0.4955     0.2588     0.3665

#OBJECT 14
	*NodeName swat:LeftHandThumb2_End
	*ANIMATION 0 0 0

#OBJECT 15
	*NodeName swat:LeftHandIndex1
	*ANIMATION 0 43 0
		0     0.0210     0.9974     0.0694     0.5879
		160     0.0211     0.9973     0.0699     0.5874
		320     0.0210     0.9974     0.0696     0.5879
		480     0.0206     0.9975     0.0680     0.5897
		640     0.0202     0.9976     0.0664     0.5922
		800     0.0201     0.9976     0.0657     0.5943
		960     0.0197     0.9977     0.0643     0.5967
		1120     0.0194     0.9978     0.0631     0.5978
		1280     0.0195     0.9978     0.0636     0.5966
		1440     0.0200     0.9976     0.0656     0.5934
		1600     0.0206     0.9975     0.0681     0.5873
		1760     0.0207     0.9974     0.0690     0.5849
		1920     0.0201     0.9976     0.0667     0.5870
		2080     0.0195     0.9977     0.0644     0.5909
		2240     0.0191     0.9979     0.0623     0.5979
		2400     0.0184     0.9981     0.0592     0.6026
		2560     0.0178     0.9982     0.0574     0.6037
		2720     0.0184     0.9981     0.0596     0.6002
		2880     0.0191     0.9979     0.0624     0.5956
		3040     0.0192     0.9978     0.0629     0.5944
		3200     0.0195     0.9978     0.0640     0.5932
		3360     0.0197     0.9977     0.0649     0.5911
		3520     0.0193     0.9978     0.0635     0.5925
		3680     0.0188     0.9979     0.0614     0.5963
		3840     0.0180     0.9981     0.0583     0.6014
		4000     0.0173     0.9983     0.0554     0.6072
		4160     0.0168     0.9984     0.0531     0.6132
		4320     0.0168     0.9985     0.0531     0.6135
		4480     0.0171     0.9984     0.0544     0.6105
		4640     0.0172     0.9983     0.0550     0.6083
		4800     0.0178     0.9982     0.0573     0.6030
		4960     0.0183     0.9981     0.0594     0.6000
		5120     0.0180     0.9982     0.0579     0.6052
		5280     0.0185     0.9980     0.0598     0.6004
		5440     0.0194     0.9978     0.0637     0.5922
		5600     0.0194     0.9978     0.0635     0.5932
		5760     0.0199     0.9977     0.0654     0.5913
		5920     0.0202     0.9976     0.0662     0.5924
		6080     0.0198     0.9977     0.0646     0.5960
		6240     0.0196     0.9978     0.0639     0.5969
		6400     0.0200     0.9977     0.0655     0.5939
		6560     0.0202     0.9976     0.0665     0.5913
		6720     0.0206     0.9975     0.0681     0.5893

#OBJECT 16
	*NodeName swat:LeftHandIndex2
	*ANIMATION 0 43 0
		0    -0.0000     1.0000     0.0000     1.0520
		160     0.0000     1.0000     0.0000     1.0520
		320    -0.0000     1.0000    -0.0000     1.0517
		480     0.0000     1.0000    -0.0000     1.0515
		640    -0.0000     1.0000    -0.0000     1.0516
		800     0.0000     1.0000     0.0000     1.0518
		960     0.0000     1.0000    -0.0000     1.0524
		1120     0.0000     1.0000     0.0000     1.0527
		1280     0.0000     1.0000    -0.0000     1.0521
		1440     0.0000     1.0000     0.0000     1.0512
		1600     0.0000     1.0000     0.0000     1.0507
		1760     0.0000     1.0000    -0.0000     1.0506
		1920     0.0000     1.0000     0.0000     1.0508
		2080     0.0000     1.0000     0.0000     1.0516
		2240     0.0000     1.0000     0.0000     1.0527
		2400     0.0000     1.0000     0.0000     1.0528
		2560     0.0000     1.0000    -0.0000     1.0522
		2720    -0.0000     1.0000     0.0000     1.0518
		2880     0.0000     1.0000    -0.0000     1.0522
		3040     0.0000     1.0000     0.0000     1.0528
		3200     0.0000     1.0000    -0.0000     1.0524
		3360    -0.0000     1.0000    -0.0000     1.0518
		3520    -0.0000     1.0000    -0.0000     1.0518
		3680     0.0000     1.0000    -0.0000     1.0523
		3840     0.0000     1.0000    -0.0000     1.0531
		4000     0.0000     1.0000    -0.0000     1.0534
		4160     0.0000     1.0000     0.0000     1.0539
		4320     0.0000     1.0000    -0.0000     1.0540
		4480     0.0000     1.0000    -0.0000     1.0537
		4640     0.0000     1.0000     0.0000     1.0534
		4800     0.0000     1.0000    -0.0000     1.0531
		4960     0.0000     1.0000     0.0000     1.0532
		5120     0.0000     1.0000     0.0000     1.0529
		5280    -0.0000     1.0000     0.0000     1.0524
		5440     0.0000     1.0000    -0.0000     1.0523
		5600    -0.0000     1.0000    -0.0000     1.0526
		5760     0.0000     1.0000    -0.0000     1.0529
		5920     0.0000     1.0000     0.0000     1.0532
		6080     0.0000     1.0000     0.0000     1.0534
		6240     0.0000     1.0000     0.0000     1.0527
		6400     0.0000     1.0000     0.0000     1.0525
		6560     0.0000     1.0000    -0.0000     1.0525
		6720     0.0000     1.0000    -0.0000     1.0522

#OBJECT 17
	*NodeName swat:LeftHandIndex3_End
	*ANIMATION 0 0 0

#OBJECT 18
	*NodeName swat:RightShoulder
	*ANIMATION 0 43 0
		0     0.9490     0.1518     0.2763     0.7405
		160     0.9490     0.1530     0.2757     0.7407
		320     0.9489     0.1540     0.2753     0.7408
		480     0.9489     0.1547     0.2750     0.7409
		640     0.9490     0.1553     0.2745     0.7411
		800     0.9491     0.1556     0.2740     0.7412
		960     0.9492     0.1556     0.2735     0.7411
		1120     0.9494     0.1553     0.2731     0.7411
		1280     0.9495     0.1550     0.2727     0.7410
		1440     0.9497     0.1547     0.2724     0.7409
		1600     0.9498     0.1544     0.2722     0.7409
		1760     0.9498     0.1544     0.2721     0.7408
		1920     0.9498     0.1545     0.2719     0.7408
		2080     0.9499     0.1548     0.2717     0.7408
		2240     0.9499     0.1551     0.2713     0.7408
		2400     0.9501     0.1554     0.2706     0.7407
		2560     0.9503     0.1556     0.2697     0.7406
		2720     0.9507     0.1556     0.2684     0.7405
		2880     0.9511     0.1554     0.2668     0.7403
		3040     0.9517     0.1550     0.2650     0.7401
		3200     0.9523     0.1545     0.2631     0.7399
		3360     0.9529     0.1540     0.2612     0.7396
		3520     0.9535     0.1535     0.2594     0.7394
		3680     0.9540     0.1531     0.2578     0.7392
		3840     0.9543     0.1530     0.2566     0.7391
		4000     0.9545     0.1531     0.2558     0.7391
		4160     0.9545     0.1537     0.2556     0.7391
		4320     0.9543     0.1545     0.2559     0.7394
		4480     0.9539     0.1557     0.2568     0.7398
		4640     0.9533     0.1570     0.2582     0.7402
		4800     0.9525     0.1583     0.2601     0.7407
		4960     0.9517     0.1595     0.2623     0.7412
		5120     0.9509     0.1604     0.2648     0.7417
		5280     0.9500     0.1610     0.2675     0.7421
		5440     0.9492     0.1611     0.2701     0.7423
		5600     0.9486     0.1608     0.2726     0.7424
		5760     0.9481     0.1600     0.2748     0.7424
		5920     0.9478     0.1588     0.2765     0.7423
		6080     0.9477     0.1575     0.2776     0.7421
		6240     0.9478     0.1560     0.2782     0.7418
		6400     0.9480     0.1545     0.2783     0.7416
		6560     0.9483     0.1533     0.2780     0.7414
		6720     0.9486     0.1524     0.2775     0.7407

#OBJECT 19
	*NodeName swat:RightArm
	*ANIMATION 0 43 0
		0    -0.1291    -0.6456    -0.7527     1.7676
		160    -0.1282    -0.6452    -0.7532     1.7687
		320    -0.1281    -0.6450    -0.7533     1.7701
		480    -0.1288    -0.6449    -0.7533     1.7717
		640    -0.1304    -0.6450    -0.7530     1.7735
		800    -0.1326    -0.6451    -0.7525     1.7752
		960    -0.1354    -0.6452    -0.7519     1.7770
		1120    -0.1387    -0.6454    -0.7511     1.7787
		1280    -0.1421    -0.6455    -0.7504     1.7804
		1440    -0.1456    -0.6455    -0.7497     1.7820
		1600    -0.1489    -0.6454    -0.7492     1.7836
		1760    -0.1516    -0.6451    -0.7489     1.7847
		1920    -0.1555    -0.6445    -0.7486     1.7853
		2080    -0.1501    -0.6424    -0.7515     1.7964
		2240    -0.1524    -0.6425    -0.7510     1.7892
		2400    -0.1539    -0.6425    -0.7506     1.7806
		2560    -0.1528    -0.6405    -0.7526     1.7826
		2720    -0.1511    -0.6384    -0.7547     1.7834
		2880    -0.1493    -0.6362    -0.7570     1.7840
		3040    -0.1476    -0.6337    -0.7593     1.7853
		3200    -0.1462    -0.6313    -0.7616     1.7871
		3360    -0.1453    -0.6290    -0.7637     1.7892
		3520    -0.1450    -0.6270    -0.7654     1.7912
		3680    -0.1454    -0.6255    -0.7665     1.7929
		3840    -0.1464    -0.6246    -0.7671     1.7942
		4000    -0.1482    -0.6243    -0.7670     1.7948
		4160    -0.1504    -0.6246    -0.7663     1.7947
		4320    -0.1530    -0.6256    -0.7650     1.7939
		4480    -0.1557    -0.6271    -0.7632     1.7922
		4640    -0.1583    -0.6292    -0.7609     1.7898
		4800    -0.1607    -0.6317    -0.7584     1.7873
		4960    -0.1627    -0.6343    -0.7558     1.7847
		5120    -0.1640    -0.6370    -0.7532     1.7822
		5280    -0.1644    -0.6397    -0.7509     1.7796
		5440    -0.1637    -0.6421    -0.7489     1.7771
		5600    -0.1618    -0.6443    -0.7475     1.7747
		5760    -0.1588    -0.6460    -0.7466     1.7724
		5920    -0.1549    -0.6473    -0.7464     1.7703
		6080    -0.1503    -0.6480    -0.7467     1.7687
		6240    -0.1455    -0.6482    -0.7475     1.7675
		6400    -0.1408    -0.6479    -0.7486     1.7670
		6560    -0.1364    -0.6474    -0.7499     1.7670
		6720    -0.1326    -0.6466    -0.7512     1.7674

#OBJECT 20
	*NodeName swat:RightForeArm
	*ANIMATION 0 43 0
		0    -0.0000     0.0000    -1.0000     1.6041
		160    -0.0000     0.0000    -1.0000     1.6053
		320     0.0000    -0.0000    -1.0000     1.6071
		480     0.0000    -0.0000    -1.0000     1.6090
		640    -0.0000     0.0000    -1.0000     1.6110
		800     0.0000    -0.0000    -1.0000     1.6129
		960     0.0000    -0.0000    -1.0000     1.6144
		1120    -0.0000     0.0000    -1.0000     1.6154
		1280     0.0000    -0.0000    -1.0000     1.6158
		1440    -0.0000    -0.0000    -1.0000     1.6154
		1600     0.0000    -0.0000    -1.0000     1.6143
		1760     0.0000    -0.0000    -1.0000     1.6135
		1920     0.0000    -0.0000    -1.0000     1.6132
		2080     0.0000    -0.0000    -1.0000     1.5954
		2240     0.0000    -0.0000    -1.0000     1.6063
		2400     0.0000    -0.0000    -1.0000     1.6174
		2560     0.0000    -0.0000    -1.0000     1.6195
		2720    -0.0000     0.0000    -1.0000     1.6204
		2880    -0.0000     0.0000    -1.0000     1.6199
		3040     0.0000    -0.0000    -1.0000     1.6179
		3200     0.0000    -0.0000    -1.0000     1.6146
		3360    -0.0000     0.0000    -1.0000     1.6105
		3520    -0.0000     0.0000    -1.0000     1.6060
		3680     0.0000    -0.0000    -1.0000     1.6015
		3840    -0.0000     0.0000    -1.0000     1.5972
		4000    -0.0000     0.0000    -1.0000     1.5935
		4160     0.0000    -0.0000    -1.0000     1.5905
		4320     0.0000    -0.0000    -1.0000     1.5886
		4480    -0.0000     0.0000    -1.0000     1.5880
		4640    -0.0000     0.0000    -1.0000     1.5886
		4800    -0.0000     0.0000    -1.0000     1.5894
		4960     0.0000    -0.0000    -1.0000     1.5900
		5120     0.0000    -0.0000    -1.0000     1.5905
		5280     0.0000    -0.0000    -1.0000     1.5908
		5440     0.0000    -0.0000    -1.0000     1.5911
		5600     0.0000    -0.0000    -1.0000     1.5914
		5760    -0.0000     0.0000    -1.0000     1.5919
		5920     0.0000    -0.0000    -1.0000     1.5927
		6080     0.0000    -0.0000    -1.0000     1.5939
		6240    -0.0000     0.0000    -1.0000     1.5956
		6400     0.0000    -0.0000    -1.0000     1.5977
		6560     0.0000    -0.0000    -1.0000     1.6001
		6720    -0.0000     0.0000    -1.0000     1.6026

#OBJECT 21
	*NodeName swat:RightHand
	*ANIMATION 0 43 0
		0     0.8819     0.1457     0.4484     1.0188
		160     0.8788     0.1505     0.4529     1.0158
		320     0.8757     0.1560     0.4570     1.0128
		480     0.8725     0.1624     0.4608     1.0097
		640     0.8695     0.1693     0.4641     1.0066
		800     0.8667     0.1763     0.4666     1.0034
		960     0.8644     0.1831     0.4683     1.0005
		1120     0.8627     0.1893     0.4690     0.9976
		1280     0.8618     0.1945     0.4685     0.9951
		1440     0.8616     0.1986     0.4671     0.9927
		1600     0.8622     0.2013     0.4649     0.9907
		1760     0.8634     0.2025     0.4620     0.9892
		1920     0.8651     0.2024     0.4589     0.9882
		2080     0.8672     0.2008     0.4558     0.9878
		2240     0.8693     0.1982     0.4529     0.9882
		2400     0.8713     0.1946     0.4506     0.9892
		2560     0.8731     0.1904     0.4489     0.9909
		2720     0.8746     0.1859     0.4479     0.9929
		2880     0.8757     0.1815     0.4474     0.9952
		3040     0.8766     0.1774     0.4473     0.9975
		3200     0.8773     0.1740     0.4473     0.9996
		3360     0.8778     0.1715     0.4472     1.0013
		3520     0.8783     0.1700     0.4468     1.0026
		3680     0.8789     0.1698     0.4458     1.0032
		3840     0.8796     0.1706     0.4440     1.0033
		4000     0.8806     0.1724     0.4414     1.0028
		4160     0.8819     0.1749     0.4379     1.0018
		4320     0.8834     0.1778     0.4336     1.0005
		4480     0.8852     0.1808     0.4287     0.9989
		4640     0.8871     0.1836     0.4235     0.9973
		4800     0.8890     0.1857     0.4184     0.9959
		4960     0.8909     0.1870     0.4140     0.9948
		5120     0.8925     0.1872     0.4105     0.9941
		5280     0.8937     0.1860     0.4084     0.9941
		5440     0.8944     0.1834     0.4079     0.9950
		5600     0.8946     0.1795     0.4092     0.9966
		5760     0.8943     0.1744     0.4120     0.9991
		5920     0.8935     0.1686     0.4162     1.0023
		6080     0.8922     0.1626     0.4214     1.0060
		6240     0.8905     0.1569     0.4270     1.0098
		6400     0.8885     0.1520     0.4329     1.0133
		6560     0.8864     0.1486     0.4385     1.0163
		6720     0.8840     0.1466     0.4438     1.0183

#OBJECT 22
	*NodeName swat:RightInHandThumb
	*ANIMATION 0 43 0
		0    -0.6170    -0.6065     0.5015     0.4418
		160    -0.6170    -0.6065     0.5015     0.4418
		320    -0.6170    -0.6065     0.5015     0.4418
		480    -0.6172    -0.6065     0.5013     0.4416
		640    -0.6174    -0.6064     0.5010     0.4412
		800    -0.6178    -0.6065     0.5005     0.4408
		960    -0.6183    -0.6066     0.4998     0.4403
		1120    -0.6188    -0.6068     0.4989     0.4397
		1280    -0.6193    -0.6071     0.4979     0.4391
		1440    -0.6198    -0.6074     0.4969     0.4384
		1600    -0.6203    -0.6077     0.4959     0.4379
		1760    -0.6207    -0.6081     0.4950     0.4374
		1920    -0.6210    -0.6083     0.4942     0.4370
		2080    -0.6213    -0.6085     0.4937     0.4367
		2240    -0.6214    -0.6087     0.4933     0.4365
		2400    -0.6215    -0.6087     0.4932     0.4365
		2560    -0.6215    -0.6087     0.4932     0.4365
		2720    -0.6215    -0.6086     0.4933     0.4364
		2880    -0.6215    -0.6086     0.4933     0.4364
		3040    -0.6215    -0.6085     0.4934     0.4364
		3200    -0.6216    -0.6085     0.4934     0.4364
		3360    -0.6216    -0.6085     0.4933     0.4363
		3520    -0.6217    -0.6085     0.4932     0.4363
		3680    -0.6218    -0.6086     0.4930     0.4362
		3840    -0.6218    -0.6087     0.4927     0.4361
		4000    -0.6219    -0.6089     0.4924     0.4360
		4160    -0.6220    -0.6090     0.4923     0.4359
		4320    -0.6220    -0.6090     0.4922     0.4359
		4480    -0.6219    -0.6090     0.4922     0.4359
		4640    -0.6218    -0.6089     0.4925     0.4361
		4800    -0.6216    -0.6087     0.4930     0.4363
		4960    -0.6214    -0.6084     0.4938     0.4366
		5120    -0.6210    -0.6081     0.4946     0.4371
		5280    -0.6205    -0.6078     0.4955     0.4376
		5440    -0.6199    -0.6076     0.4964     0.4383
		5600    -0.6194    -0.6075     0.4974     0.4389
		5760    -0.6188    -0.6074     0.4982     0.4396
		5920    -0.6183    -0.6074     0.4989     0.4402
		6080    -0.6178    -0.6074     0.4995     0.4408
		6240    -0.6174    -0.6073     0.5000     0.4412
		6400    -0.6172    -0.6071     0.5005     0.4415
		6560    -0.6171    -0.6067     0.5011     0.4417
		6720    -0.6170    -0.6065     0.5015     0.4418

#OBJECT 23
	*NodeName swat:RightHandThumb1
	*ANIMATION 0 43 0
		0    -0.6367     0.7379     0.2238     0.4448
		160    -0.6365     0.7379     0.2243     0.4448
		320    -0.6365     0.7379     0.2246     0.4449
		480    -0.6365     0.7378     0.2248     0.4449
		640    -0.6365     0.7377     0.2251     0.4450
		800    -0.6364     0.7377     0.2254     0.4451
		960    -0.6364     0.7376     0.2255     0.4451
		1120    -0.6365     0.7376     0.2254     0.4451
		1280    -0.6365     0.7377     0.2250     0.4450
		1440    -0.6365     0.7379     0.2244     0.4448
		1600    -0.6364     0.7382     0.2235     0.4446
		1760    -0.6363     0.7387     0.2226     0.4444
		1920    -0.6360     0.7392     0.2216     0.4442
		2080    -0.6358     0.7396     0.2206     0.4440
		2240    -0.6357     0.7399     0.2199     0.4438
		2400    -0.6357     0.7401     0.2194     0.4437
		2560    -0.6357     0.7402     0.2192     0.4436
		2720    -0.6357     0.7401     0.2193     0.4436
		2880    -0.6357     0.7400     0.2196     0.4437
		3040    -0.6358     0.7398     0.2202     0.4439
		3200    -0.6360     0.7394     0.2209     0.4440
		3360    -0.6361     0.7390     0.2217     0.4442
		3520    -0.6363     0.7387     0.2224     0.4444
		3680    -0.6363     0.7385     0.2230     0.4445
		3840    -0.6364     0.7383     0.2234     0.4446
		4000    -0.6364     0.7382     0.2236     0.4446
		4160    -0.6365     0.7382     0.2237     0.4447
		4320    -0.6365     0.7382     0.2237     0.4446
		4480    -0.6365     0.7382     0.2236     0.4446
		4640    -0.6365     0.7382     0.2234     0.4446
		4800    -0.6365     0.7383     0.2231     0.4445
		4960    -0.6364     0.7386     0.2225     0.4444
		5120    -0.6362     0.7389     0.2218     0.4442
		5280    -0.6360     0.7393     0.2210     0.4441
		5440    -0.6359     0.7398     0.2200     0.4439
		5600    -0.6357     0.7402     0.2192     0.4437
		5760    -0.6356     0.7405     0.2184     0.4435
		5920    -0.6356     0.7406     0.2180     0.4434
		6080    -0.6356     0.7406     0.2180     0.4434
		6240    -0.6356     0.7404     0.2184     0.4435
		6400    -0.6358     0.7400     0.2195     0.4438
		6560    -0.6362     0.7391     0.2213     0.4442
		6720    -0.6366     0.7383     0.2229     0.4445

#OBJECT 24
	*NodeName swat:RightHandThumb2_End
	*ANIMATION 0 0 0

#OBJECT 25
	*NodeName swat:RightHandIndex1
	*ANIMATION 0 43 0
		0     0.0392    -0.8849    -0.4640     0.1902
		160     0.0392    -0.8849    -0.4642     0.1902
		320     0.0392    -0.8847    -0.4646     0.1900
		480     0.0392    -0.8847    -0.4644     0.1901
		640     0.0392    -0.8854    -0.4633     0.1906
		800     0.0392    -0.8864    -0.4612     0.1914
		960     0.0393    -0.8879    -0.4584     0.1926
		1120     0.0394    -0.8896    -0.4551     0.1940
		1280     0.0395    -0.8912    -0.4519     0.1955
		1440     0.0396    -0.8927    -0.4489     0.1971
		1600     0.0397    -0.8939    -0.4466     0.1984
		1760     0.0398    -0.8946    -0.4450     0.1994
		1920     0.0399    -0.8950    -0.4443     0.2002
		2080     0.0400    -0.8949    -0.4444     0.2005
		2240     0.0401    -0.8945    -0.4452     0.2005
		2400     0.0401    -0.8938    -0.4466     0.2002
		2560     0.0401    -0.8930    -0.4483     0.1998
		2720     0.0402    -0.8921    -0.4500     0.1994
		2880     0.0402    -0.8913    -0.4516     0.1990
		3040     0.0402    -0.8907    -0.4529     0.1986
		3200     0.0402    -0.8902    -0.4537     0.1984
		3360     0.0402    -0.8900    -0.4542     0.1982
		3520     0.0402    -0.8899    -0.4544     0.1982
		3680     0.0402    -0.8898    -0.4545     0.1982
		3840     0.0402    -0.8898    -0.4545     0.1982
		4000     0.0402    -0.8899    -0.4543     0.1983
		4160     0.0402    -0.8901    -0.4540     0.1984
		4320     0.0402    -0.8904    -0.4535     0.1984
		4480     0.0402    -0.8907    -0.4528     0.1985
		4640     0.0401    -0.8911    -0.4521     0.1984
		4800     0.0400    -0.8914    -0.4514     0.1983
		4960     0.0399    -0.8917    -0.4508     0.1979
		5120     0.0398    -0.8918    -0.4506     0.1974
		5280     0.0397    -0.8918    -0.4507     0.1967
		5440     0.0395    -0.8916    -0.4512     0.1959
		5600     0.0394    -0.8911    -0.4520     0.1950
		5760     0.0393    -0.8905    -0.4533     0.1942
		5920     0.0393    -0.8897    -0.4549     0.1934
		6080     0.0392    -0.8889    -0.4565     0.1928
		6240     0.0392    -0.8880    -0.4581     0.1922
		6400     0.0392    -0.8872    -0.4598     0.1916
		6560     0.0392    -0.8860    -0.4620     0.1910
		6720     0.0392    -0.8852    -0.4636     0.1904

#OBJECT 26
	*NodeName swat:RightHandIndex2
	*ANIMATION 0 0 0

#OBJECT 27
	*NodeName swat:RightHandIndex3_End
	*ANIMATION 0 0 0

#OBJECT 28
	*NodeName swat:LeftUpLeg
	*ANIMATION 0 43 0
		0     0.9205    -0.3125    -0.2346     0.4369
		160     0.9334    -0.2354    -0.2708     0.4769
		320     0.9388    -0.1632    -0.3033     0.5125
		480     0.9339    -0.1012    -0.3430     0.5391
		640     0.9238    -0.0401    -0.3807     0.5562
		800     0.9116     0.0192    -0.4106     0.5686
		960     0.9002     0.0785    -0.4284     0.5729
		1120     0.8893     0.1431    -0.4343     0.5632
		1280     0.8713     0.1943    -0.4506     0.5417
		1440     0.8474     0.2154    -0.4853     0.5171
		1600     0.8338     0.2304    -0.5017     0.5084
		1760     0.8227     0.2579    -0.5067     0.5092
		1920     0.8041     0.2839    -0.5223     0.5003
		2080     0.7802     0.3058    -0.5457     0.4837
		2240     0.7509     0.3153    -0.5803     0.4690
		2400     0.7269     0.3199    -0.6077     0.4570
		2560     0.7086     0.3447    -0.6157     0.4404
		2720     0.6976     0.3544    -0.6227     0.4265
		2880     0.6682     0.3495    -0.6568     0.4049
		3040     0.6354     0.3391    -0.6937     0.3824
		3200     0.5947     0.3201    -0.7375     0.3619
		3360     0.5472     0.2899    -0.7852     0.3490
		3520     0.4995     0.2648    -0.8249     0.3384
		3680     0.4474     0.2482    -0.8592     0.3287
		3840     0.3917     0.2405    -0.8881     0.3199
		4000     0.3249     0.2407    -0.9146     0.3104
		4160     0.2313     0.2323    -0.9447     0.3026
		4320     0.1270     0.2044    -0.9706     0.3003
		4480     0.0198     0.1694    -0.9854     0.3032
		4640    -0.0902     0.1314    -0.9872     0.3103
		4800    -0.1965     0.0794    -0.9773     0.3233
		4960    -0.3048     0.0233    -0.9521     0.3412
		5120    -0.3744    -0.0367    -0.9266     0.3615
		5280    -0.3885    -0.1500    -0.9092     0.3774
		5440    -0.3805    -0.3139    -0.8699     0.3732
		5600    -0.3245    -0.4964    -0.8051     0.3498
		5760    -0.1830    -0.6891    -0.7012     0.3274
		5920     0.0337    -0.8457    -0.5326     0.3017
		6080     0.3470    -0.8920    -0.2896     0.2751
		6240     0.6193    -0.7811    -0.0797     0.2895
		6400     0.7662    -0.6405    -0.0509     0.3213
		6560     0.8524    -0.5095    -0.1172     0.3560
		6720     0.8979    -0.3990    -0.1856     0.3964

#OBJECT 29
	*NodeName swat:LeftLeg
	*ANIMATION 0 43 0
		0    -0.9973    -0.0397     0.0614     1.2263
		160    -0.9987    -0.0218     0.0468     1.1713
		320    -0.9997    -0.0090     0.0238     1.0970
		480    -1.0000     0.0058    -0.0044     0.9992
		640    -0.9993     0.0265    -0.0248     0.8925
		800    -0.9983     0.0494    -0.0317     0.7949
		960    -0.9977     0.0604    -0.0320     0.7038
		1120    -0.9978     0.0491    -0.0443     0.6100
		1280    -0.9976     0.0390    -0.0577     0.5253
		1440    -0.9981     0.0449    -0.0429     0.4800
		1600    -0.9993     0.0318    -0.0214     0.5000
		1760    -0.9997     0.0098    -0.0237     0.5356
		1920    -0.9994    -0.0073    -0.0325     0.5491
		2080    -0.9991    -0.0149    -0.0397     0.5653
		2240    -0.9985    -0.0055    -0.0552     0.5976
		2400    -0.9979    -0.0048    -0.0646     0.6326
		2560    -0.9981    -0.0202    -0.0587     0.6537
		2720    -0.9980    -0.0319    -0.0543     0.6791
		2880    -0.9978    -0.0398    -0.0535     0.6704
		3040    -0.9973    -0.0532    -0.0513     0.6526
		3200    -0.9967    -0.0625    -0.0515     0.6305
		3360    -0.9965    -0.0645    -0.0539     0.6149
		3520    -0.9961    -0.0683    -0.0552     0.6044
		3680    -0.9956    -0.0742    -0.0565     0.5902
		3840    -0.9949    -0.0823    -0.0579     0.5718
		4000    -0.9939    -0.0938    -0.0584     0.5489
		4160    -0.9925    -0.1062    -0.0612     0.5229
		4320    -0.9911    -0.1178    -0.0627     0.5031
		4480    -0.9903    -0.1349    -0.0343     0.4862
		4640    -0.9862    -0.1627     0.0299     0.4689
		4800    -0.9732    -0.1985     0.1160     0.4529
		4960    -0.9416    -0.2541     0.2209     0.4308
		5120    -0.9071    -0.3032     0.2921     0.4358
		5280    -0.9139    -0.2881     0.2859     0.4796
		5440    -0.9412    -0.2583     0.2176     0.5401
		5600    -0.9605    -0.2269     0.1609     0.6206
		5760    -0.9728    -0.1909     0.1315     0.7270
		5920    -0.9811    -0.1747     0.0832     0.8582
		6080    -0.9849    -0.1722     0.0206     0.9997
		6240    -0.9887    -0.1497    -0.0070     1.1283
		6400    -0.9933    -0.1129     0.0236     1.2192
		6560    -0.9949    -0.0826     0.0583     1.2669
		6720    -0.9958    -0.0598     0.0687     1.2657

#OBJECT 30
	*NodeName swat:LeftFoot
	*ANIMATION 0 43 0
		0    -0.8185     0.5725    -0.0486     0.1035
		160    -0.4994     0.6921    -0.5212     0.0952
		320    -0.1699     0.6991    -0.6946     0.0725
		480     0.6192     0.6106    -0.4937     0.0469
		640     0.8777     0.3593    -0.3171     0.0815
		800     0.7863     0.4279    -0.4457     0.1432
		960     0.7078     0.4750    -0.5229     0.2279
		1120     0.7233     0.4389    -0.5332     0.2914
		1280     0.7525     0.4160    -0.5105     0.3098
		1440     0.7515     0.4510    -0.4816     0.2955
		1600     0.8793     0.2525    -0.4039     0.2403
		1760     0.9010    -0.3594    -0.2429     0.2214
		1920     0.6591    -0.7226    -0.2082     0.2447
		2080     0.5125    -0.8393    -0.1815     0.2672
		2240     0.5073    -0.8574    -0.0861     0.2886
		2400     0.5298    -0.8474    -0.0345     0.2886
		2560     0.5759    -0.8124    -0.0916     0.2725
		2720     0.6752    -0.7234    -0.1442     0.2773
		2880     0.7314    -0.6655    -0.1491     0.2782
		3040     0.7649    -0.6277    -0.1443     0.2695
		3200     0.7926    -0.5977    -0.1209     0.2613
		3360     0.8211    -0.5656    -0.0762     0.2581
		3520     0.8530    -0.5207    -0.0358     0.2565
		3680     0.8861    -0.4633    -0.0114     0.2579
		3840     0.9175    -0.3976    -0.0099     0.2598
		4000     0.9453    -0.3257    -0.0151     0.2608
		4160     0.9685    -0.2488     0.0088     0.2632
		4320     0.9847    -0.1636     0.0605     0.2722
		4480     0.9945    -0.0677     0.0803     0.2850
		4640     0.9973     0.0300     0.0663     0.2993
		4800     0.9895     0.1342     0.0545     0.3151
		4960     0.9644     0.2609     0.0433     0.3296
		5120     0.9690     0.2441     0.0390     0.3500
		5280     0.9928     0.1042     0.0583     0.3651
		5440     0.9876     0.0826     0.1334     0.3359
		5600     0.9504     0.1374     0.2790     0.2433
		5760     0.7750     0.1086     0.6226     0.1262
		5920    -0.2853    -0.1823     0.9409     0.0891
		6080    -0.8260    -0.2487     0.5059     0.1711
		6240    -0.8882    -0.2647     0.3755     0.2051
		6400    -0.9278    -0.1535     0.3401     0.1761
		6560    -0.9203     0.0956     0.3793     0.1620
		6720    -0.8933     0.3196     0.3159     0.1380

#OBJECT 31
	*NodeName swat:LeftToeBase
	*ANIMATION 0 43 0
		0     1.0000    -0.0000    -0.0000     0.0691
		160     1.0000     0.0000    -0.0000     0.0613
		320     1.0000    -0.0000     0.0000     0.0634
		480     1.0000     0.0000    -0.0000     0.0602
		640     1.0000     0.0000    -0.0000     0.0479
		800     1.0000     0.0000     0.0000     0.0433
		960     1.0000     0.0000    -0.0000     0.0446
		1120     1.0000     0.0000     0.0000     0.0405
		1280     1.0000     0.0000     0.0000     0.0396
		1440     1.0000     0.0000    -0.0000     0.0419
		1600     1.0000     0.0000     0.0000     0.0342
		1760     1.0000    -0.0000     0.0000     0.0285
		1920     1.0000    -0.0000    -0.0000     0.0347
		2080     1.0000    -0.0000     0.0000     0.0224
		2240     1.0000     0.0000     0.0000     0.0045
		2400     1.0000     0.0000     0.0000     0.0078
		2560     1.0000     0.0000     0.0000     0.0105
		2720     1.0000    -0.0000     0.0000     0.0069
		2880     1.0000     0.0000     0.0000     0.0031
		3040     1.0000    -0.0000     0.0002     0.0018
		3200     1.0000    -0.0000    -0.0002     0.0012
		3360     1.0000    -0.0000     0.0006     0.0002
		3520     1.0000    -0.0003    -0.0000     0.0001
		3680     1.0000     0.0001     0.0000     0.0007
		3840     1.0000    -0.0000    -0.0000     0.0016
		4000     1.0000    -0.0000     0.0000     0.0022
		4160     1.0000    -0.0000     0.0000     0.0028
		4320     1.0000    -0.0000    -0.0001     0.0035
		4480     1.0000    -0.0000    -0.0000     0.0043
		4640     1.0000    -0.0000    -0.0001     0.0063
		4800     1.0000     0.0000    -0.0000     0.0085
		4960     1.0000    -0.0000     0.0000     0.0127
		5120     1.0000    -0.0000    -0.0000     0.0229
		5280     1.0000    -0.0000     0.0000     0.0390
		5440     1.0000    -0.0000     0.0000     0.0897
		5600     1.0000    -0.0000     0.0000     0.2007
		5760     1.0000    -0.0000     0.0000     0.2891
		5920     1.0000    -0.0000    -0.0000     0.2669
		6080     1.0000     0.0000    -0.0000     0.2188
		6240     1.0000     0.0000    -0.0000     0.1617
		6400     1.0000     0.0000     0.0000     0.1050
		6560     1.0000     0.0000     0.0000     0.0927
		6720     1.0000    -0.0000    -0.0000     0.0840

#OBJECT 32
	*NodeName swat:LeftFootToeBase_End
	*ANIMATION 0 0 0

#OBJECT 33
	*NodeName swat:RightUpLeg
	*ANIMATION 0 43 0
		0     0.2259     0.2315     0.9462     0.5055
		160     0.1729     0.2117     0.9619     0.4982
		320     0.1202     0.1881     0.9748     0.4943
		480     0.0709     0.1634     0.9840     0.4946
		640     0.0269     0.1436     0.9893     0.4979
		800    -0.0131     0.1283     0.9916     0.5038
		960    -0.0488     0.1164     0.9920     0.5122
		1120    -0.0816     0.1097     0.9906     0.5241
		1280    -0.1129     0.1081     0.9877     0.5389
		1440    -0.1451     0.1168     0.9825     0.5578
		1600    -0.1784     0.1392     0.9741     0.5809
		1760    -0.1956     0.1764     0.9647     0.6080
		1920    -0.1823     0.2241     0.9574     0.6319
		2080    -0.1451     0.2858     0.9472     0.6555
		2240    -0.0805     0.3705     0.9254     0.6993
		2400     0.0034     0.4532     0.8914     0.7438
		2560     0.1026     0.5113     0.8532     0.7688
		2720     0.2081     0.5339     0.8196     0.7865
		2880     0.2924     0.5273     0.7978     0.8099
		3040     0.3360     0.5001     0.7981     0.8396
		3200     0.3586     0.4653     0.8093     0.8703
		3360     0.3899     0.4332     0.8126     0.9042
		3520     0.4337     0.4062     0.8043     0.9438
		3680     0.4774     0.3822     0.7912     0.9830
		3840     0.5068     0.3537     0.7862     1.0100
		4000     0.5149     0.3189     0.7957     1.0190
		4160     0.5059     0.2903     0.8123     1.0210
		4320     0.4922     0.2706     0.8274     1.0222
		4480     0.4699     0.2462     0.8477     1.0119
		4640     0.4335     0.2230     0.8731     0.9949
		4800     0.4380     0.2403     0.8663     0.9920
		4960     0.4729     0.2763     0.8367     0.9989
		5120     0.4910     0.3031     0.8167     0.9960
		5280     0.4907     0.3220     0.8096     0.9668
		5440     0.4717     0.3294     0.8179     0.9179
		5600     0.4473     0.3316     0.8307     0.8679
		5760     0.4216     0.3175     0.8494     0.8006
		5920     0.3900     0.2944     0.8725     0.7249
		6080     0.3773     0.2767     0.8838     0.6691
		6240     0.3743     0.2655     0.8885     0.6224
		6400     0.3529     0.2530     0.9008     0.5734
		6560     0.3147     0.2504     0.9156     0.5440
		6720     0.2726     0.2455     0.9303     0.5242

#OBJECT 34
	*NodeName swat:RightLeg
	*ANIMATION 0 43 0
		0    -0.9626    -0.0067    -0.2708     0.6837
		160    -0.9612    -0.0069    -0.2758     0.6563
		320    -0.9621    -0.0038    -0.2726     0.6354
		480    -0.9646     0.0028    -0.2638     0.6208
		640    -0.9682     0.0133    -0.2498     0.6112
		800    -0.9724     0.0263    -0.2317     0.6087
		960    -0.9767     0.0382    -0.2114     0.6138
		1120    -0.9804     0.0478    -0.1911     0.6226
		1280    -0.9833     0.0560    -0.1729     0.6332
		1440    -0.9853     0.0635    -0.1587     0.6440
		1600    -0.9863     0.0712    -0.1489     0.6541
		1760    -0.9861     0.0742    -0.1485     0.6752
		1920    -0.9872     0.0746    -0.1412     0.7265
		2080    -0.9877     0.0660    -0.1415     0.8053
		2240    -0.9909     0.0474    -0.1261     0.9077
		2400    -0.9966     0.0593    -0.0580     1.0218
		2560    -0.9969     0.0645    -0.0446     1.1376
		2720    -0.9962     0.0443    -0.0749     1.2394
		2880    -0.9956     0.0296    -0.0884     1.3024
		3040    -0.9950     0.0262    -0.0959     1.3073
		3200    -0.9937     0.0240    -0.1097     1.2708
		3360    -0.9921     0.0256    -0.1227     1.2238
		3520    -0.9899     0.0309    -0.1385     1.1638
		3680    -0.9872     0.0409    -0.1540     1.0917
		3840    -0.9822     0.0578    -0.1785     0.9911
		4000    -0.9702     0.0913    -0.2245     0.8246
		4160    -0.9475     0.1336    -0.2906     0.6439
		4320    -0.9151     0.1667    -0.3672     0.5201
		4480    -0.8450     0.2737    -0.4594     0.4066
		4640    -0.6762     0.4543    -0.5799     0.3122
		4800    -0.7340     0.4099    -0.5415     0.3408
		4960    -0.8892     0.3027    -0.3430     0.4496
		5120    -0.9446     0.2585    -0.2024     0.5465
		5280    -0.9633     0.2291    -0.1401     0.6100
		5440    -0.9741     0.1895    -0.1232     0.6503
		5600    -0.9833     0.1408    -0.1152     0.6928
		5760    -0.9884     0.1076    -0.1071     0.7278
		5920    -0.9898     0.0870    -0.1128     0.7381
		6080    -0.9905     0.0694    -0.1190     0.7520
		6240    -0.9899     0.0531    -0.1318     0.7610
		6400    -0.9869     0.0423    -0.1559     0.7500
		6560    -0.9805     0.0243    -0.1952     0.7347
		6720    -0.9718     0.0066    -0.2355     0.7123

#OBJECT 35
	*NodeName swat:RightFoot
	*ANIMATION 0 43 0
		0     0.6576    -0.0240     0.7530     0.5212
		160     0.6648    -0.0160     0.7469     0.5232
		320     0.6809    -0.0117     0.7323     0.5233
		480     0.7069    -0.0085     0.7073     0.5210
		640     0.7410    -0.0062     0.6715     0.5174
		800     0.7788    -0.0072     0.6272     0.5144
		960     0.8167    -0.0122     0.5770     0.5132
		1120     0.8507    -0.0190     0.5252     0.5105
		1280     0.8803    -0.0216     0.4739     0.5016
		1440     0.9091    -0.0221     0.4161     0.4829
		1600     0.9355    -0.0307     0.3519     0.4475
		1760     0.9546    -0.0455     0.2944     0.3913
		1920     0.9636    -0.0587     0.2606     0.3437
		2080     0.9529    -0.0659     0.2959     0.3017
		2240     0.9584    -0.0398     0.2827     0.2525
		2400     0.9997     0.0073    -0.0245     0.1950
		2560     0.9891     0.1065    -0.1013     0.1445
		2720     0.8122     0.3564     0.4619     0.1041
		2880     0.1540     0.5569     0.8162     0.1156
		3040    -0.2641     0.5724     0.7763     0.1475
		3200    -0.4151     0.5754     0.7047     0.1460
		3360    -0.5652     0.5744     0.5921     0.1490
		3520    -0.5934     0.4926     0.6365     0.1572
		3680    -0.2187     0.4236     0.8791     0.1280
		3840     0.4914     0.2202     0.8426     0.1136
		4000     0.3932    -0.2059     0.8961     0.0548
		4160    -0.6617    -0.7489    -0.0364     0.0834
		4320    -0.0709    -0.8604    -0.5047     0.1096
		4480     0.3025    -0.6934    -0.6540     0.1910
		4640     0.3158    -0.6787    -0.6631     0.2624
		4800     0.5831    -0.6024    -0.5450     0.2948
		4960     0.7827    -0.4235    -0.4561     0.3265
		5120     0.7958    -0.3537    -0.4916     0.2995
		5280     0.6968    -0.4377    -0.5683     0.2262
		5440     0.6288    -0.5558    -0.5438     0.1637
		5600     0.7743    -0.5550    -0.3041     0.1410
		5760     0.9445    -0.2994     0.1350     0.1872
		5920     0.8706    -0.2543     0.4212     0.2574
		6080     0.8110    -0.1760     0.5580     0.3296
		6240     0.7678    -0.1257     0.6283     0.3940
		6400     0.7309    -0.0964     0.6757     0.4420
		6560     0.7068    -0.0670     0.7042     0.4752
		6720     0.6829    -0.0424     0.7293     0.5002

#OBJECT 36
	*NodeName swat:RightToeBase
	*ANIMATION 0 43 0
		0     1.0000     0.0000     0.0000     0.0240
		160     1.0000     0.0000    -0.0000     0.0238
		320     1.0000    -0.0000    -0.0000     0.0229
		480     1.0000     0.0000     0.0000     0.0202
		640     1.0000    -0.0000     0.0000     0.0164
		800     1.0000    -0.0000     0.0000     0.0138
		960     1.0000    -0.0000    -0.0000     0.0139
		1120     0.9150    -0.4033    -0.0100     0.0239
		1280     0.8640    -0.5033    -0.0143     0.0446
		1440     0.8908    -0.4540    -0.0169     0.0716
		1600     0.9513    -0.3077    -0.0180     0.1135
		1760     0.9850    -0.1718    -0.0167     0.1848
		1920     0.9986    -0.0518    -0.0066     0.2285
		2080     1.0000     0.0000    -0.0000     0.2737
		2240     1.0000    -0.0000     0.0000     0.3099
		2400     1.0000     0.0000    -0.0000     0.3018
		2560     1.0000     0.0000    -0.0000     0.2325
		2720     1.0000     0.0000     0.0000     0.1527
		2880     1.0000     0.0000     0.0000     0.1005
		3040     1.0000     0.0000     0.0000     0.1032
		3200     1.0000     0.0000     0.0000     0.1046
		3360     1.0000    -0.0000     0.0000     0.1051
		3520     1.0000     0.0000    -0.0000     0.1048
		3680     1.0000     0.0000     0.0000     0.1041
		3840     1.0000     0.0000     0.0000     0.1034
		4000     1.0000    -0.0000    -0.0000     0.1037
		4160     1.0000    -0.0000     0.0000     0.1040
		4320     1.0000     0.0000    -0.0000     0.1021
		4480     1.0000    -0.0000    -0.0000     0.0960
		4640     1.0000     0.0000     0.0000     0.0971
		4800     1.0000    -0.0000    -0.0000     0.0994
		4960     1.0000    -0.0000    -0.0000     0.1345
		5120     1.0000    -0.0000    -0.0000     0.1914
		5280     1.0000    -0.0000     0.0000     0.2053
		5440     1.0000    -0.0000    -0.0000     0.1571
		5600     1.0000    -0.0000    -0.0000     0.0871
		5760     1.0000    -0.0000     0.0000     0.0484
		5920     1.0000    -0.0000     0.0000     0.0384
		6080     1.0000     0.0000    -0.0000     0.0332
		6240     1.0000     0.0000     0.0000     0.0305
		6400     1.0000    -0.0000     0.0000     0.0281
		6560     1.0000    -0.0000     0.0000     0.0264
		6720     1.0000     0.0000    -0.0000     0.0252

#OBJECT 37
	*NodeName swat:RightFootToeBase_End
	*ANIMATION 0 0 0