#PSB_CHARACTER_TOOL_ANIMATION_DATA
#SCENE 0 10 30 160 38

#OBJECT 0
	*NodeName swat:Hips
	*ANIMATION 0 10 10
		0    -0.8626     0.3861     0.3270     1.4802
		160    -0.8605     0.3886     0.3294     1.4793
		320    -0.8584     0.3905     0.3326     1.4701
		480    -0.8593     0.3890     0.3321     1.4592
		640    -0.8628     0.3850     0.3275     1.4550
		800    -0.8656     0.3823     0.3234     1.4603
		960    -0.8654     0.3829     0.3232     1.4701
		1120    -0.8635     0.3852     0.3255     1.4780
		1280    -0.8626     0.3861     0.3270     1.4802
		1440    -0.8626     0.3861     0.3270     1.4802
		0    -0.0004    36.6073     0.0053
		160    -0.0237    36.6073    -0.0163
		320    -0.0840    36.6073     0.0273
		480    -0.1351    36.6073     0.1500
		640    -0.1410    36.6073     0.2753
		800    -0.1034    36.6073     0.2918
		960    -0.0525    36.6073     0.1896
		1120    -0.0147    36.6073     0.0618
		1280    -0.0002    36.6073     0.0051
		1440    -0.0002    36.6073     0.0051

#OBJECT 1
	*NodeName swat:Spine
	*ANIMATION 0 10 0
		0    -0.9999     0.0071     0.0098     0.1395
		160    -0.9995    -0.0091     0.0308     0.1379
		320    -0.9981    -0.0270     0.0556     0.1365
		480    -0.9968    -0.0427     0.0682     0.1365
		640    -0.9968    -0.0517     0.0611     0.1376
		800    -0.9980    -0.0465     0.0436     0.1388
		960    -0.9993    -0.0267     0.0265     0.1393
		1120    -0.9999    -0.0041     0.0150     0.1394
		1280    -0.9999     0.0071     0.0098     0.1395
		1440    -0.9999     0.0071     0.0098     0.1395

#OBJECT 2
	*NodeName swat:Spine1
	*ANIMATION 0 10 0
		0    -0.9989     0.0462     0.0011     0.2868
		160    -0.9991     0.0428     0.0030     0.2857
		320    -0.9992     0.0393     0.0055     0.2849
		480    -0.9993     0.0371     0.0064     0.2849
		640    -0.9993     0.0373     0.0052     0.2855
		800    -0.9992     0.0397     0.0032     0.2862
		960    -0.9991     0.0428     0.0018     0.2865
		1120    -0.9990     0.0453     0.0012     0.2867
		1280    -0.9989     0.0462     0.0011     0.2868
		1440    -0.9989     0.0462     0.0011     0.2868

#OBJECT 3
	*NodeName swat:Spine2
	*ANIMATION 0 10 0
		0    -0.9990     0.0453     0.0054     0.2868
		160    -0.9991     0.0420     0.0071     0.2857
		320    -0.9992     0.0384     0.0094     0.2850
		480    -0.9993     0.0362     0.0104     0.2850
		640    -0.9993     0.0364     0.0093     0.2856
		800    -0.9992     0.0388     0.0073     0.2862
		960    -0.9991     0.0419     0.0059     0.2865
		1120    -0.9990     0.0444     0.0054     0.2867
		1280    -0.9990     0.0453     0.0054     0.2868
		1440    -0.9990     0.0453     0.0054     0.2868

#OBJECT 4
	*NodeName swat:Neck
	*ANIMATION 0 10 0
		0    -0.0559    -0.1141    -0.9919     0.1316
		160    -0.0364    -0.0688    -0.9970     0.1355
		320     0.0343    -0.0638    -0.9974     0.1355
		480     0.0824    -0.0928    -0.9923     0.1327
		640     0.0612    -0.1247    -0.9903     0.1294
		800    -0.0032    -0.1333    -0.9911     0.1286
		960    -0.0517    -0.1234    -0.9910     0.1300
		1120    -0.0638    -0.1136    -0.9915     0.1314
		1280    -0.0559    -0.1141    -0.9919     0.1316
		1440    -0.0559    -0.1141    -0.9919     0.1316

#OBJECT 5
	*NodeName swat:Neck1
	*ANIMATION 0 10 0
		0    -0.0589    -0.0480    -0.9971     0.1316
		160    -0.0462    -0.0298    -0.9985     0.1341
		320    -0.0218    -0.0308    -0.9993     0.1345
		480    -0.0093    -0.0446    -0.9990     0.1327
		640    -0.0197    -0.0555    -0.9983     0.1304
		800    -0.0415    -0.0553    -0.9976     0.1295
		960    -0.0570    -0.0498    -0.9971     0.1302
		1120    -0.0611    -0.0468    -0.9970     0.1312
		1280    -0.0589    -0.0480    -0.9971     0.1316
		1440    -0.0589    -0.0480    -0.9971     0.1316

#OBJECT 6
	*NodeName swat:Head
	*ANIMATION 0 10 0
		0     0.3057    -0.5195    -0.7979     0.3229
		160     0.2619    -0.5261    -0.8091     0.3246
		320     0.1993    -0.5364    -0.8201     0.3187
		480     0.1800    -0.5431    -0.8201     0.3122
		640     0.2230    -0.5473    -0.8066     0.3106
		800     0.2806    -0.5430    -0.7915     0.3150
		960     0.3097    -0.5331    -0.7873     0.3203
		1120     0.3111    -0.5241    -0.7928     0.3228
		1280     0.3057    -0.5195    -0.7979     0.3229
		1440     0.3057    -0.5195    -0.7979     0.3229

#OBJECT 7
	*NodeName swat:HeadTop_End
	*ANIMATION 0 0 0

#OBJECT 8
	*NodeName swat:LeftShoulder
	*ANIMATION 0 10 0
		0     0.9907    -0.0809     0.1091     0.6626
		160     0.9911    -0.0866     0.1014     0.6622
		320     0.9918    -0.0853     0.0952     0.6617
		480     0.9917    -0.0841     0.0978     0.6619
		640     0.9907    -0.0834     0.1070     0.6627
		800     0.9901    -0.0817     0.1140     0.6631
		960     0.9903    -0.0796     0.1138     0.6629
		1120     0.9907    -0.0793     0.1102     0.6625
		1280     0.9907    -0.0809     0.1091     0.6626
		1440     0.9907    -0.0809     0.1091     0.6626

#OBJECT 9
	*NodeName swat:LeftArm
	*ANIMATION 0 10 0
		0     0.4718     0.7878     0.3959     1.2458
		160     0.4614     0.8117     0.3582     1.2611
		320     0.4536     0.8309     0.3224     1.2843
		480     0.4538     0.8338     0.3145     1.2980
		640     0.4616     0.8195     0.3396     1.2935
		800     0.4690     0.8005     0.3732     1.2766
		960     0.4716     0.7892     0.3933     1.2579
		1120     0.4714     0.7872     0.3977     1.2465
		1280     0.4718     0.7878     0.3959     1.2458
		1440     0.4718     0.7878     0.3959     1.2458

#OBJECT 10
	*NodeName swat:LeftForeArm
	*ANIMATION 0 10 0
		0     0.0000     0.0000     1.0000     1.1318
		160     0.0000    -0.0000     1.0000     1.1851
		320     0.0000    -0.0000     1.0000     1.2258
		480    -0.0000    -0.0000     1.0000     1.2235
		640    -0.0000    -0.0000     1.0000     1.1833
		800    -0.0000    -0.0000     1.0000     1.1425
		960     0.0000     0.0000     1.0000     1.1260
		1120    -0.0000    -0.0000     1.0000     1.1283
		1280    -0.0000    -0.0000     1.0000     1.1318
		1440    -0.0000    -0.0000     1.0000     1.1318

#OBJECT 11
	*NodeName swat:LeftHand
	*ANIMATION 0 10 0
		0     0.9407    -0.0615    -0.3335     1.9099
		160     0.9366    -0.0723    -0.3428     1.8820
		320     0.9301    -0.0817    -0.3581     1.8587
		480     0.9273    -0.0821    -0.3651     1.8544
		640     0.9309    -0.0729    -0.3579     1.8665
		800     0.9366    -0.0632    -0.3448     1.8848
		960     0.9402    -0.0593    -0.3355     1.9000
		1120     0.9411    -0.0602    -0.3326     1.9084
		1280     0.9407    -0.0615    -0.3335     1.9099
		1440     0.9407    -0.0615    -0.3335     1.9099

#OBJECT 12
	*NodeName swat:LeftInHandThumb
	*ANIMATION 0 0 0

#OBJECT 13
	*NodeName swat:LeftHandThumb1
	*ANIMATION 0 0 0

#OBJECT 14
	*NodeName swat:LeftHandThumb2_End
	*ANIMATION 0 0 0

#OBJECT 15
	*NodeName swat:LeftHandIndex1
	*ANIMATION 0 0 0

#OBJECT 16
	*NodeName swat:LeftHandIndex2
	*ANIMATION 0 0 0

#OBJECT 17
	*NodeName swat:LeftHandIndex3_End
	*ANIMATION 0 0 0

#OBJECT 18
	*NodeName swat:RightShoulder
	*ANIMATION 0 10 0
		0     0.9488     0.1509     0.2774     0.7403
		160     0.9466     0.1484     0.2864     0.7418
		320     0.9420     0.1503     0.2999     0.7458
		480     0.9398     0.1521     0.3060     0.7481
		640     0.9417     0.1529     0.2998     0.7466
		800     0.9453     0.1537     0.2878     0.7436
		960     0.9479     0.1540     0.2790     0.7415
		1120     0.9488     0.1529     0.2763     0.7405
		1280     0.9488     0.1509     0.2774     0.7403
		1440     0.9488     0.1509     0.2774     0.7403

#OBJECT 19
	*NodeName swat:RightArm
	*ANIMATION 0 10 0
		0    -0.1644    -0.6588    -0.7341     1.7017
		160    -0.1845    -0.6587    -0.7295     1.6995
		320    -0.1968    -0.6558    -0.7288     1.7013
		480    -0.1945    -0.6540    -0.7311     1.7015
		640    -0.1823    -0.6557    -0.7327     1.6995
		800    -0.1710    -0.6590    -0.7324     1.6981
		960    -0.1659    -0.6608    -0.7320     1.6992
		1120    -0.1650    -0.6603    -0.7327     1.7012
		1280    -0.1644    -0.6588    -0.7341     1.7017
		1440    -0.1644    -0.6588    -0.7341     1.7017

#OBJECT 20
	*NodeName swat:RightForeArm
	*ANIMATION 0 10 0
		0     0.0000    -0.0000    -1.0000     1.7182
		160     0.0000    -0.0000    -1.0000     1.7364
		320     0.0000    -0.0000    -1.0000     1.7555
		480    -0.0000    -0.0000    -1.0000     1.7615
		640    -0.0000     0.0000    -1.0000     1.7503
		800    -0.0000     0.0000    -1.0000     1.7332
		960     0.0000    -0.0000    -1.0000     1.7217
		1120     0.0000    -0.0000    -1.0000     1.7179
		1280    -0.0000     0.0000    -1.0000     1.7182
		1440    -0.0000     0.0000    -1.0000     1.7182

#OBJECT 21
	*NodeName swat:RightHand
	*ANIMATION 0 10 0
		0     0.7862     0.2673     0.5572     0.9555
		160     0.7925     0.2699     0.5469     0.9391
		320     0.7910     0.2656     0.5511     0.9474
		480     0.7836     0.2603     0.5641     0.9665
		640     0.7784     0.2624     0.5702     0.9729
		800     0.7790     0.2679     0.5669     0.9654
		960     0.7827     0.2706     0.5604     0.9560
		1120     0.7858     0.2693     0.5569     0.9528
		1280     0.7862     0.2673     0.5572     0.9555
		1440     0.7862     0.2673     0.5572     0.9555

#OBJECT 22
	*NodeName swat:RightInHandThumb
	*ANIMATION 0 10 0
		0    -0.6170    -0.6065     0.5015     0.4418
		160    -0.6426    -0.6175     0.4536     0.4283
		320    -0.6674    -0.6284     0.3997     0.4149
		480    -0.6684    -0.6293     0.3965     0.4137
		640    -0.6486    -0.6208     0.4403     0.4238
		800    -0.6290    -0.6112     0.4805     0.4352
		960    -0.6204    -0.6070     0.4966     0.4405
		1120    -0.6187    -0.6068     0.4989     0.4412
		1280    -0.6170    -0.6065     0.5015     0.4418
		1440    -0.6170    -0.6065     0.5015     0.4418

#OBJECT 23
	*NodeName swat:RightHandThumb1
	*ANIMATION 0 10 0
		0    -0.6367     0.7379     0.2238     0.4448
		160    -0.5926     0.7102     0.3800     0.3857
		320    -0.5168     0.6586     0.5470     0.3474
		480    -0.5216     0.6661     0.5331     0.3516
		640    -0.5863     0.7141     0.3825     0.3893
		800    -0.6218     0.7356     0.2690     0.4293
		960    -0.6326     0.7390     0.2315     0.4438
		1120    -0.6351     0.7377     0.2290     0.4428
		1280    -0.6367     0.7379     0.2238     0.4448
		1440    -0.6367     0.7379     0.2238     0.4448

#OBJECT 24
	*NodeName swat:RightHandThumb2_End
	*ANIMATION 0 0 0

#OBJECT 25
	*NodeName swat:RightHandIndex1
	*ANIMATION 0 10 0
		0     0.0392    -0.8849    -0.4640     0.1902
		160     0.0413    -0.9318    -0.3607     0.2448
		320     0.0418    -0.9233    -0.3819     0.2361
		480     0.0402    -0.8779    -0.4771     0.1914
		640     0.0374    -0.8287    -0.5585     0.1612
		800     0.0369    -0.8391    -0.5427     0.1618
		960     0.0380    -0.8710    -0.4899     0.1775
		1120     0.0389    -0.8857    -0.4627     0.1894
		1280     0.0392    -0.8849    -0.4640     0.1902
		1440     0.0392    -0.8849    -0.4640     0.1902

#OBJECT 26
	*NodeName swat:RightHandIndex2
	*ANIMATION 0 10 0
		0    -0.0000    -1.0000    -0.0000     0.5757
		160    -0.0000    -1.0000    -0.0000     0.7569
		320     0.0000    -1.0000    -0.0000     0.7912
		480     0.0000    -1.0000    -0.0000     0.6733
		640     0.0000    -1.0000    -0.0000     0.5777
		800    -0.0000    -1.0000    -0.0000     0.5627
		960    -0.0000    -1.0000    -0.0000     0.5809
		1120    -0.0000    -1.0000    -0.0000     0.5869
		1280    -0.0000    -1.0000    -0.0000     0.5757
		1440    -0.0000    -1.0000    -0.0000     0.5757

#OBJECT 27
	*NodeName swat:RightHandIndex3_End
	*ANIMATION 0 0 0

#OBJECT 28
	*NodeName swat:LeftUpLeg
	*ANIMATION 0 10 0
		0     0.1703    -0.3534    -0.9199     0.8865
		160     0.1651    -0.3555    -0.9200     0.8851
		320     0.1469    -0.3558    -0.9229     0.8805
		480     0.1337    -0.3546    -0.9254     0.8770
		640     0.1381    -0.3536    -0.9252     0.8773
		800     0.1537    -0.3534    -0.9228     0.8807
		960     0.1663    -0.3536    -0.9205     0.8844
		1120     0.1707    -0.3537    -0.9196     0.8864
		1280     0.1703    -0.3534    -0.9198     0.8865
		1440     0.1703    -0.3534    -0.9198     0.8865

#OBJECT 29
	*NodeName swat:LeftLeg
	*ANIMATION 0 10 0
		0    -0.9993     0.0222    -0.0297     0.4109
		160    -0.9989     0.0193    -0.0422     0.4123
		320    -0.9985     0.0185    -0.0509     0.4000
		480    -0.9989     0.0213    -0.0410     0.3838
		640    -0.9995     0.0251    -0.0165     0.3778
		800    -0.9996     0.0265    -0.0016     0.3857
		960    -0.9997     0.0250    -0.0078     0.3988
		1120    -0.9995     0.0227    -0.0228     0.4082
		1280    -0.9993     0.0222    -0.0297     0.4109
		1440    -0.9993     0.0222    -0.0297     0.4109

#OBJECT 30
	*NodeName swat:LeftFoot
	*ANIMATION 0 10 0
		0    -0.5970     0.7266    -0.3401     0.0653
		160    -0.5658     0.7537    -0.3343     0.0662
		320    -0.6221     0.7209    -0.3055     0.0723
		480    -0.7144     0.6431    -0.2758     0.0799
		640    -0.7719     0.5787    -0.2633     0.0836
		800    -0.7706     0.5744    -0.2761     0.0798
		960    -0.7134     0.6306    -0.3058     0.0724
		1120    -0.6329     0.6997    -0.3315     0.0670
		1280    -0.5969     0.7266    -0.3401     0.0653
		1440    -0.5969     0.7266    -0.3401     0.0653

#OBJECT 31
	*NodeName swat:LeftToeBase
	*ANIMATION 0 10 0
		0     0.9993     0.0372     0.0006     0.0035
		160     0.9996     0.0296     0.0004     0.0036
		320     0.9992     0.0387     0.0006     0.0036
		480     0.9995     0.0329     0.0005     0.0035
		640     0.9999     0.0147     0.0002     0.0033
		800     1.0000     0.0079     0.0001     0.0034
		960     0.9998     0.0220     0.0003     0.0035
		1120     0.9993     0.0377     0.0006     0.0036
		1280     0.9993     0.0361     0.0006     0.0036
		1440     0.9993     0.0361     0.0006     0.0036

#OBJECT 32
	*NodeName swat:LeftFootToeBase_End
	*ANIMATION 0 0 0

#OBJECT 33
	*NodeName swat:RightUpLeg
	*ANIMATION 0 10 0
		0    -0.4633     0.6300    -0.6232     0.1483
		160    -0.4764     0.6253    -0.6180     0.1482
		320    -0.5098     0.6390    -0.5760     0.1540
		480    -0.5364     0.6453    -0.5440     0.1570
		640    -0.5356     0.6419    -0.5487     0.1540
		800    -0.5097     0.6329    -0.5828     0.1489
		960    -0.4804     0.6252    -0.6151     0.1467
		1120    -0.4651     0.6247    -0.6273     0.1474
		1280    -0.4633     0.6300    -0.6232     0.1484
		1440    -0.4633     0.6300    -0.6232     0.1484

#OBJECT 34
	*NodeName swat:RightLeg
	*ANIMATION 0 10 0
		0    -0.9994    -0.0309     0.0168     0.5702
		160    -0.9997    -0.0228     0.0063     0.5722
		320    -0.9995    -0.0317    -0.0032     0.5758
		480    -0.9992    -0.0405     0.0013     0.5803
		640    -0.9988    -0.0456     0.0185     0.5836
		800    -0.9985    -0.0443     0.0325     0.5828
		960    -0.9987    -0.0385     0.0322     0.5778
		1120    -0.9992    -0.0327     0.0229     0.5723
		1280    -0.9994    -0.0309     0.0168     0.5702
		1440    -0.9994    -0.0309     0.0168     0.5702

#OBJECT 35
	*NodeName swat:RightFoot
	*ANIMATION 0 10 0
		0     0.7700    -0.2721     0.5772     0.4942
		160     0.7701    -0.2745     0.5758     0.4960
		320     0.7745    -0.2634     0.5751     0.4970
		480     0.7784    -0.2520     0.5749     0.4973
		640     0.7798    -0.2466     0.5754     0.4968
		800     0.7780    -0.2505     0.5762     0.4958
		960     0.7743    -0.2601     0.5769     0.4948
		1120     0.7710    -0.2689     0.5773     0.4942
		1280     0.7700    -0.2721     0.5772     0.4942
		1440     0.7700    -0.2721     0.5772     0.4942

#OBJECT 36
	*NodeName swat:RightToeBase
	*ANIMATION 0 10 0
		0     1.0000     0.0000    -0.0000     0.0004
		160     1.0000     0.0000     0.0000     0.0051
		320     1.0000     0.0000     0.0001     0.0097
		480     1.0000     0.0000     0.0000     0.0120
		640     1.0000    -0.0000     0.0000     0.0113
		800     1.0000     0.0000    -0.0001     0.0086
		960     1.0000     0.0000    -0.0000     0.0053
		1120     1.0000    -0.0000     0.0003     0.0023
		1280     1.0000     0.0002    -0.0002     0.0004
		1440     1.0000     0.0002    -0.0002     0.0004

#OBJECT 37
	*NodeName swat:RightFootToeBase_End
	*ANIMATION 0 0 0


		1120    -0.8635     0.3852     0.3255     1.4780
		1280    -0.8626     0.3861     0.3270     1.4802
		1440    -0.8626     0.3861     0.3270     1.4802